1000
739 -520 897
-849 -130 240
65 -407 -801
-699 851 831
-860 -812 19
594 -232 -224
-133 -333 -576
906 -742 557
-12 -19 315
-24 650 -553
677 -346 823
-718 407 889
42 886 -402
910 410 -145
-218 -51 798
-328 962 201
-226 84 192
-124 -880 -972
453 -191 616
541 499 -979
118 541 20
-132 90 -590
-682 -425 -222
806 666 608
-712 1000 -761
-326 646 562
-755 772 135
336 -223 928
540 188 226
342 222 337
290 -107 -381
-710 136 131
703 -742 931
354 -595 -100
-950 -673 469
443 875 653
482 559 -821
544 -772 795
534 -971 410
-82 -126 941
819 -945 458
483 -117 -492
126 940 245
-88 -156 999
550 -765 -80
-803 -104 -59
-429 -565 500
-647 -14 -989
188 -712 596
69 -940 -283
-890 514 45
-963 250 -852
-466 -483 807
219 -262 -336
-578 537 798
683 54 -208
-285 -438 -722
696 85 770
-708 -941 -899
408 178 243
689 651 1000
-686 -184 -102
-920 -430 926
-119 -895 -933
-18 539 543
671 -513 -704
-296 -2 529
-119 917 -810
-332 -774 -639
741 885 8
-1000 463 -302
-390 471 -13
-784 -915 -653
779 262 743
375 -860 -263
206 -318 220
-17 -733 202
921 573 -449
660 756 -486
-125 -685 -296
-106 174 45
367 -312 408
651 -533 -280
17 -144 -59
-103 82 -545
667 -884 125
853 -620 526
-915 367 391
401 117 -922
806 -856 914
-245 -140 690
-116 402 150
-16 -418 -68
221 -446 -18
436 -987 376
-360 -418 249
959 112 -18
140 956 -218
413 422 915
-22 829 -208
749 685 -695
200 655 274
138 -543 312
-23 -715 692
-695 162 -897
230 355 471
605 -725 157
588 302 845
72 782 -998
322 -83 -894
-253 -922 -242
938 115 767
60 -614 633
637 -658 -363
-903 546 -760
35 325 -23
-299 -378 179
-150 -420 666
509 -446 -673
-909 968 841
206 -926 -674
-406 401 -213
-675 449 241
-211 -259 -721
56 478 -484
-344 -568 986
782 633 -54
-621 -455 655
123 8 724
176 535 42
979 -660 69
496 -75 979
393 913 563
654 -910 430
674 29 -738
420 -135 -784
-681 -963 -864
-993 440 632
863 997 -204
979 -434 -743
370 424 363
31 -811 -849
587 482 -838
-7 -593 486
-474 232 985
780 -551 75
135 751 -335
-631 -146 -593
-314 -134 101
-298 934 629
924 559 230
114 -868 13
210 -566 -928
896 -710 -226
-306 -709 -231
-480 356 -495
11 -756 -236
-159 158 810
-825 -925 595
-587 60 -386
232 -962 354
982 -588 -55
-887 -963 597
951 107 625
707 -511 -721
68 26 68
-221 -162 407
166 -835 956
-52 583 892
-112 908 924
655 -59 -3
13 -53 377
700 3 -32
684 927 -22
856 197 -341
975 -755 -663
-496 -985 -421
552 662 -315
62 582 17
-147 -606 352
-56 -871 826
87 378 -197
990 910 752
453 -366 -75
963 473 272
669 668 -175
-166 620 816
2 -922 510
94 -865 -819
-329 -552 239
643 223 934
956 938 -126
-385 -583 477
392 -215 722
-9 923 484
446 -662 529
-979 137 832
-382 652 -786
-523 -647 649
215 -608 -622
-576 -85 -365
659 -662 -831
5 -693 -180
-996 -721 -757
300 -160 -876
717 -127 -647
524 894 897
-44 79 444
368 -509 29
-1 618 -621
283 -783 -388
171 644 399
-494 -179 -413
-372 500 295
-236 -446 -924
978 303 261
-957 331 -693
363 -222 -63
-802 -723 877
926 -16 339
468 -297 -574
-891 -442 806
333 -926 -978
367 364 -172
737 -766 612
898 852 926
317 -263 -909
-726 712 -972
-224 373 795
982 -247 -815
-9 762 -968
-812 -940 427
-913 220 317
350 -957 -64
-33 240 -446
-127 906 392
465 668 -622
-625 -305 -376
-707 -641 778
752 201 -815
-165 -239 -683
218 652 812
-209 -285 -374
327 621 946
307 -981 936
167 991 -58
-148 -685 -256
294 -19 -74
13 144 472
848 835 -114
-125 741 399
164 415 977
191 -930 -836
-3 264 680
475 -905 412
901 255 -302
686 -133 -664
307 -911 739
-437 474 -564
172 675 -600
163 42 -770
-778 -816 837
-265 425 -418
-926 -11 -364
-296 -906 -727
765 -744 -906
-457 -851 713
970 -352 -447
-952 740 307
634 22 811
69 380 -330
144 813 -454
-613 -922 820
492 24 635
830 527 149
-272 748 -415
729 -410 -841
-249 638 605
-835 220 211
-671 -354 -287
-788 -727 381
294 -190 348
-144 23 1
849 118 -518
115 -694 -656
-269 208 331
-315 625 361
86 650 -750
-300 575 344
-746 -125 171
-764 -683 -305
-805 -360 -76
859 885 -186
-176 -971 678
872 -219 -161
-930 854 -566
-841 -675 -448
585 -49 821
-658 494 122
-481 567 431
-909 79 931
-590 722 921
96 -3 -843
135 507 689
-637 -933 841
-418 541 -161
-249 20 -608
-932 -969 605
-93 577 749
-343 -469 814
852 -237 -523
-26 -405 -40
-707 -648 133
-776 -546 767
-745 -201 -366
407 -977 739
-244 -391 621
-43 -296 -41
759 110 -445
-200 796 -983
-746 -464 -810
-662 203 -339
-217 -759 -952
-625 -503 347
622 -136 281
-507 -662 707
-55 310 -339
503 116 538
59 -768 104
315 46 299
-55 -21 559
596 -215 699
335 820 -471
696 -822 -536
190 -614 68
729 -236 -952
308 452 -543
-656 -373 182
-183 347 795
81 40 -744
354 920 588
-261 470 -839
-130 967 -240
201 -43 -562
879 430 873
260 -523 -956
-96 858 862
53 -285 430
681 474 -276
623 -450 -39
-587 -351 -468
-333 -803 -596
-324 973 -4
-12 35 576
-731 107 18
511 109 716
-619 -820 16
127 119 -230
657 -134 278
380 -225 -816
-904 306 71
-373 -513 932
7 227 986
381 713 -608
345 307 211
823 -58 -789
626 513 727
-363 768 616
-975 260 831
-302 -958 539
-57 525 -296
398 954 271
531 -911 150
-816 -40 -475
98 -373 -524
-293 241 -184
-547 224 962
-313 -210 775
-472 -906 471
-698 905 574
66 657 988
9 -119 -386
-998 -75 584
111 -27 655
-70 -985 -504
-116 -261 397
187 -858 937
888 651 353
149 929 470
414 -639 -667
838 -998 743
-144 -441 536
-907 875 -763
-420 315 830
959 284 18
-983 -234 773
-523 -873 -917
-480 607 28
-191 -193 -346
791 810 875
-597 -487 -599
-170 259 142
885 -394 -111
757 -747 -66
-735 -578 117
-352 -698 112
-160 -840 701
-675 691 -679
101 -765 330
280 -155 59
816 -273 -551
-521 501 627
-677 703 478
262 34 720
-775 266 633
-159 -951 165
474 53 -715
-636 -615 382
104 617 -961
-764 -640 -702
-480 -69 -836
-528 -208 589
-347 -389 -998
306 591 120
246 -839 -655
718 -879 260
-341 -700 -114
-623 -677 711
-536 663 -187
987 -254 395
782 914 196
137 -192 1000
898 444 790
-550 661 -921
435 -839 849
981 -221 -116
268 859 68
367 782 784
147 80 -518
-53 330 -987
182 910 90
273 940 666
649 199 738
142 863 689
475 879 37
531 809 356
-622 56 -383
-242 -940 510
80 -358 691
-894 -997 -678
285 327 50
287 438 108
661 -870 -171
-464 410 -862
-75 642 -399
428 42 61
-507 351 297
-513 857 -167
-192 -272 172
310 -230 102
301 184 81
742 299 -181
-595 976 574
789 853 840
-22 -317 -98
178 121 -442
-823 905 -980
870 -782 -108
953 169 165
-173 587 761
-565 -824 -386
980 -935 80
-659 733 636
311 747 -31
-476 -623 258
718 372 469
892 -762 -844
-579 -195 7
98 269 71
-62 770 61
-853 849 -910
-137 943 -752
499 -634 571
-131 -999 598
-29 -942 824
874 888 322
-311 395 -805
522 -214 -490
303 462 375
265 -909 665
-583 -416 -164
128 519 -362
-728 677 -994
-251 69 666
-390 438 707
-983 464 -816
685 -276 379
-125 752 -437
95 567 -533
481 -937 -472
174 -396 368
576 -623 -764
467 -708 -949
-584 525 -819
341 613 170
509 917 -539
-237 55 -134
-314 -292 -130
140 117 806
775 573 268
-189 654 -368
740 -199 -151
766 -178 -114
517 668 500
2 -589 -550
505 626 -561
-886 975 -724
189 569 811
-347 223 112
-712 -398 -755
14 -382 -579
171 792 244
-157 -939 -784
827 531 -942
304 -97 558
399 112 655
-563 -31 -349
551 769 860
565 -588 856
-854 -950 328
-38 271 -579
258 489 -505
-432 -107 -42
104 299 -673
-485 -330 183
56 22 601
-227 255 -738
246 61 996
223 922 902
88 630 426
452 356 652
871 504 639
600 371 384
808 442 812
121 141 940
-854 638 -521
-123 774 -792
-44 156 -422
203 638 545
-395 -882 -865
130 579 134
164 793 362
453 -149 -997
987 -858 -168
276 -435 -38
217 156 946
349 -634 -952
588 627 -165
-667 695 981
942 -387 -643
882 -929 -308
-615 767 593
902 -560 304
-566 644 287
-891 -25 927
728 -188 -742
-540 18 786
-1 998 371
-803 -319 -878
717 -749 -404
-937 -407 781
695 -506 537
302 207 -401
290 -893 874
-678 567 11
846 -324 285
241 -49 -373
-2 -353 133
-881 377 23
-919 899 -648
105 743 -274
-699 938 811
264 778 788
-99 -427 85
473 -687 -909
30 -408 985
801 456 -367
-929 403 -279
-872 78 578
-53 811 301
-428 844 141
867 -563 745
316 665 346
835 807 -214
-269 449 -952
926 -226 602
905 80 10
-621 -74 -147
-274 -322 259
-845 -600 -122
-567 875 288
-899 -671 -176
677 689 917
-457 18 452
358 102 901
-623 866 503
-583 -841 -136
554 946 300
322 -872 828
-142 -920 978
2 23 797
691 4 486
-779 734 -737
880 -337 48
486 -422 498
960 -349 -961
-488 516 -389
343 -768 613
373 147 714
-37 -776 -605
-746 407 330
-180 164 -483
238 -480 -625
494 952 -809
747 958 -217
752 -235 -417
-319 102 11
522 -679 -764
405 767 -648
267 42 768
910 678 77
545 -515 -704
-822 38 103
-324 -532 -535
75 578 581
-379 283 920
-278 -321 -159
-385 548 -220
-396 230 -623
-940 -401 -800
273 51 -953
-630 -483 -876
-413 355 746
634 -879 513
-190 798 188
-934 360 684
-57 -486 -234
927 -423 156
-428 164 34
246 -683 -757
-232 -921 -328
784 -716 811
203 -252 -607
-206 -141 -650
-994 -158 -673
801 122 622
-159 515 258
651 20 45
269 -376 90
-435 -157 -893
902 224 624
-336 -914 803
-151 648 975
826 787 -77
976 330 16
-72 264 -625
351 -929 -656
-846 377 -850
-675 -719 -73
-245 -408 -946
903 10 -367
154 -628 918
571 981 -923
346 657 -913
794 229 -993
613 -105 771
-311 560 295
-712 -34 -790
-125 517 -442
-109 691 339
36 284 370
135 -76 772
-960 -191 38
-395 -34 726
-19 227 437
972 -604 -294
-626 -938 -151
-66 -130 -951
719 347 449
915 403 -597
-489 677 -459
-676 28 697
-891 -342 -503
329 -641 -104
-216 -860 116
233 -452 825
-345 241 -555
-960 -199 -223
-672 -954 299
-727 -490 113
767 -556 -108
-478 -820 796
18 902 90
-921 531 91
795 142 -64
-587 -972 -269
456 314 -116
-953 977 -55
343 532 883
144 -918 753
-271 437 410
317 -142 -952
168 -754 -702
738 4 -372
-701 116 560
911 271 493
74 -925 299
-126 849 -177
107 810 -824
447 833 -922
353 -512 36
680 141 -646
-565 -957 656
-409 -469 494
467 217 -895
-605 906 -935
-205 -450 493
-222 501 -844
-765 -765 -533
391 -253 405
-48 71 -144
-41 -183 -792
-548 -672 -621
-704 401 -727
556 94 -135
-669 522 479
402 38 -96
711 533 -573
961 559 235
384 -641 -588
985 -716 -275
-643 -428 185
-684 -567 -248
895 -151 -228
784 574 -320
40 44 450
-396 -901 415
257 -909 252
595 974 250
-862 -619 -743
-612 458 -111
714 -60 -949
-518 384 -432
52 -362 18
-917 725 714
423 740 -158
900 -451 -648
-864 611 128
-726 765 653
127 511 627
646 211 729
741 318 -928
-610 622 -28
-742 972 736
-165 569 837
-577 -274 -335
726 71 983
161 122 -215
702 71 -355
-651 232 252
-721 -134 913
956 -564 639
141 -594 327
868 246 931
73 766 -225
-32 380 490
17 -615 -38
390 -792 -853
776 301 921
110 -954 -367
-341 -423 33
810 697 -528
-975 281 420
-694 -573 -660
-803 -379 355
991 141 -118
-377 952 894
-988 -502 -62
-619 637 54
882 550 -228
484 513 -105
120 -477 -87
315 710 -869
-199 -227 -746
-486 -479 -248
-216 -790 -653
-912 362 900
-904 823 149
351 -300 -690
534 482 195
357 722 -957
-772 -207 -570
98 -243 741
708 -486 915
-324 -193 673
-37 -458 607
-288 -641 31
710 -301 883
896 -572 -915
698 912 826
783 -951 484
720 -918 -736
-717 -452 97
625 -429 -804
70 885 995
-574 772 -330
848 631 -332
-436 31 -422
794 -431 142
-982 -118 439
916 -183 531
-680 808 226
-256 -23 -444
649 -556 -706
-589 807 954
-128 -528 657
-45 458 482
750 -706 -139
128 -956 941
887 -491 346
-957 -795 -393
16 640 24
-575 571 641
-926 289 226
-711 470 858
-855 479 595
935 806 -423
913 303 -470
-468 -805 -881
692 792 902
560 990 -809
99 -664 651
-575 -274 665
596 -391 -359
-163 242 -729
-644 642 -254
661 -867 190
948 -364 133
795 -258 591
-120 -525 -800
-675 -423 918
517 -191 -860
-219 416 -771
-329 994 414
75 438 294
-982 -514 629
-896 -685 -373
-94 -378 309
998 95 -113
-98 760 -219
264 -71 672
358 -104 274
190 565 233
976 -42 213
-632 70 -366
578 103 859
-882 332 -983
766 -805 1
-185 -877 -376
-195 -872 477
-562 987 -19
602 153 -487
-734 895 794
545 733 -434
620 822 -845
542 632 199
-27 -647 623
428 176 -231
-719 -239 555
-786 768 -678
-240 628 -800
-293 572 94
768 -726 -580
87 945 892
-446 -797 806
-271 -305 -513
-421 -69 568
-836 -768 621
885 -218 -402
-923 509 -329
-668 -580 711
376 -56 394
386 -193 95
712 -937 -69
928 202 772
247 383 -290
-432 164 -511
-624 -931 -496
49 -298 595
-490 -580 150
-875 62 -177
533 149 -553
-443 369 -132
-690 -581 897
522 542 -449
145 163 684
-890 -792 -588
690 -882 -827
427 -819 -570
-885 173 -972
-567 110 141
260 403 49
-544 6 252
-46 -202 -522
155 -567 -291
453 662 625
-609 -41 -58
-915 -505 574
177 -953 460
-297 -342 894
257 553 -171
-683 -381 723
755 951 -23
-493 915 567
-688 152 958
811 61 442
-601 724 677
-571 -140 -156
647 963 -1000
578 273 -784
-283 148 -669
-227 503 -197
290 -368 590
-250 -332 977
768 226 -702
-350 -228 -820
968 -767 890
-894 -507 -12
198 -673 452
49 -640 730
-858 61 -296
-790 245 -79
-141 969 379
-243 214 450
137 258 -287
917 -756 -37
-69 -735 341
173 -842 555
-827 858 -263
439 548 -529
883 819 -280
376 -898 333
382 124 -858
719 -675 619
395 -515 114
12 -529 7
-404 -707 167
-789 -952 338
-130 883 279
-268 -686 -180
335 777 815
-584 904 -149
501 100 95
706 473 765
-253 620 527
-956 654 -281
-949 625 739
900 440 348
0 -594 142
531 100 292
729 978 -47
424 -162 977
272 161 598
680 473 571
283 979 289
-444 -884 -623
726 559 618
779 -309 839
-806 -360 576
287 769 -121
642 699 688
-981 833 815
551 349 -771
-520 106 379
-861 948 -587
266 -558 -905
-609 -223 -432
565 -145 -793
-815 -27 -628
745 -99 246
-49 -786 294
-612 -77 327
426 -60 759
764 732 853
648 -233 232
-140 877 540
264 987 841
-510 -676 777
-337 -966 -249
576 332 -511
500 484 5
258 -711 429
-90 400 627
989 988 -434
105 636 28
691 156 724
259 412 900
-547 -165 301
597 169 -670
458 817 -768
28 -517 -454
-526 -257 -171
-239 -117 499
342 337 985
127 -458 -91
-561 715 404
-963 735 -483
916 581 868
-955 -896 -593
-154 488 -52
-714 456 -573
876 832 -850
792 402 -853
272 537 -916
-350 813 757
-976 567 -717
48 727 334
209 111 201
-591 -917 918
474 605 -669
-264 851 804
-459 -986 386
868 -413 93
-478 -56 -394
-296 301 188
615 550 -428
330 -278 -337
76 -401 -540
-112 -280 51
-142 882 297
178 400 713
433 -737 661
-567 810 636
-54 -871 653
297 796 297
-390 -549 809
974 -641 289
740 52 901
-177 -984 779
231 -866 -101
-185 -642 714
37 -786 450
-628 921 833
613 395 -96
37 -438 -361
-867 -347 603
554 -987 140
312 856 570
-455 13 518
-738 633 -276
517 605 -132
482 -255 -490
738 455 388
831 855 289
-260 -760 895
1 -519 6
0 145 -660
610 877 631
557 204 -604
-496 -770 51
251 -707 -770
-73 222 231
-368 776 382
839 -628 546
-260 905 -708
-316 818 -633
206 780 -486
-611 800 76
650 610 -26
690 947 270
629 -227 -843
985 -3 -330
-557 884 -544
736 -602 105
208 -261 -598
-116 509 100
994 -417 768
-606 180 469
756 723 -966
-31 24 -679
674 -60 271
-94 -856 648
627 263 -89
-432 373 -232
184 -854 -378
93 788 -406
-108 760 -396
808 -363 -113
61 -526 234
996 -85 695
428 -784 -570
-577 -124 -929
988 -158 -9
974 -275 298
26 256 -468
210 201 -173
153 89 -360
-894 -590 -570
955 774 -76
-782 -537 -313
404 115 -896
145 -533 656
-960 233 777
-298 244 500
-948 -585 -223
62 792 -462
648 377 965
328 -615 627
36 -619 729
-343 -854 -809
-707 953 -746
398 -212 696
-419 -894 320
632 993 820
-868 645 362
-702 414 392
126 10 776
-79 565 853
-540 -969 -601
-167 -685 302
-545 212 -69
767 -283 -428
963 -408 -615
336 505 931
594 335 943
444 -803 -317
172 670 745
-761 -735 -892
-929 -304 961
399 794 530
509 604 -956
308 -113 871
-256 636 -937
-25 -855 299
-720 -907 724
-564 230 29
-789 256 -817
633 56 -900
830 -190 -366
48 -973 584
-539 -116 -211
-326 -985 585
-83 -430 -775
-157 -715 -438
-988 -487 -397
-218 -669 683
-154 -294 -423
-751 -850 -308
987 -211 -106
-766 726 -236
-599 270 -649
759 -657 -647
-418 149 -597
-1000 -536 61
990 296 -72
-88 112 114
-590 434 250
-683 -715 -84
-342 819 -432
425 629 15
846 -217 -7
-858 857 -151
-914 568 77
931 817 -917
862 251 590
595 -983 468
758 -288 -755
825 -45 -569
-360 -486 -35
230 -655 526
371 -712 890
-27 -526 -65
768 -876 -891
528 -65 91
-515 118 -938
107 841 555
753 -339 -343
152 104 905
878 -518 333
608 -169 846
-155 -236 -378
-982 -906 238
-81 -371 931
-825 -361 238
-403 -231 -500
-597 858 258
-183 542 368
447 -365 464
950 -479 349
274 -482 623
-134 119 -843
-673 -210 477
-47 724 -729
-762 -462 255
-216 -625 557
774 39 -313
-488 1 -64
-843 -948 -52
-369 593 -588
361 -907 172
288 197 436
624 -434 -222
663 -439 912
576 -506 817
182 823 -976
-287 387 484
-877 567 -620
-272 -384 -960
-934 552 611
-412 563 874
-39 698 -708
771 584 -275
354 73 -304
-52 894 565
305 393 990
-475 -344 -225
831 -995 -619
-48 -877 -508
731 -9 45
174 28 208
635 -593 -644
34 -912 141
257 -865 224
-867 -732 -497
35 899 -601
-214 658 -320
508 -159 -675
835 -751 359
-514 825 -284
-557 798 -416
731 681 129
284 297 772
473 889 14
-15 -349 64
-182 690 878
939 8 492
899 -789 -863
-463 -934 -177
549 395 571
-173 71 -365
506 43 593
391 598 352
253 -452 -120
-577 402 66
-835 -637 -500
417 374 599
-112 -929 -208
195 -616 321
-294 -773 208
-228 -915 469
301 -29 535
-223 -573 569
478 -805 599
984 -271 216
380 -183 -930
669 -632 -537
-763 -257 101
-134 122 968
604 819 -708
-972 -602 -346
786 -880 -75
-866 -509 587
979 304 -817
363 -828 399
914 739 -985
-930 -708 -165
-818 -674 -611
-461 -314 -565
-540 -690 -925
860 -209 -581
-128 501 -194
356 823 -471
12 -545 90
-153 -979 -1
-792 775 21
-957 375 894
398 -150 -339
789 887 804
348 -685 -526
-973 126 16
-472 -409 -258
376 -226 669
-531 831 -195
-938 -907 -457
-144 -159 -176
671 -128 253
-464 -857 -632
-529 -83 -256
688 670 987
-472 -26 876
976 -644 -825
590 845 406
737 -804 923
32 732 359
-176 -537 -631
723 -601 -222
-607 -626 -927
-863 123 -633
430 331 161
-387 -224 63
670 570 -991
110 401 946
-996 251 658
164 -966 380
-429 -141 -730
76 233 -451
-650 -55 -416
-40 265 -743
315 38 -708
-262 743 -956
160 647 320
117 -433 -435
880 -172 483
-255 894 809
-740 -204 -181
-846 926 809
-145 590 -151
-900 188 434
517 93 291
-921 -33 523
503 -281 550
268 -905 813
-110 102 -660
989 984 465
968 44 -602
-302 488 -523
972 -979 -306
185 -130 -152
175 -698 -138
-741 235 610
573 852 835
-532 -957 688
-914 -996 -641
-55 135 -543
977 -872 508
447 -76 697
971 -154 925
-476 865 452
101 -6 -253
893 -276 180
-173 -227 -922
896 515 263
-868 -422 -594
-171 -676 -497
344 385 732
-888 -253 229
-121 -791 -144
-971 781 -456
-811 842 856
552 936 972
-79 393 -63
113 -511 553
414 -850 -85
845 65 -195
605 -190 426
312 -66 555
-77 906 -552
-347 -82 -242
669 546 641
-640 -659 -511
-839 357 895
810 -156 910
-809 584 -819
657 750 682
639 901 -890
387 38 462
-278 -742 -590
-452 127 -784
24 352 147
176 -839 6
-159 -344 -430
-728 -213 206
-983 927 800
138 615 -252
717 -135 -786
-112 579 -842
171 865 640
-933 797 -292
495 -424 -784
-838 -155 -428
-428 153 319
-725 -868 247
-309 -682 -52
-397 -488 866
572 -547 944
462 141 586
439 551 42
562 -637 968
423 -477 -490
-464 538 914
906 -514 -493
210 -391 -656
483 -437 694
720 59 869
-664 -879 276
-549 -325 -65
452 132 -421
-561 -800 804
707 -940 -801
-413 -239 -296
607 347 -16
-552 257 -811
42 -559 -382
116 527 351
-319 229 -193
250 -141 -256
-811 404 209
-232 113 -752
-903 -379 -336
-500 -911 -596
-286 -590 888
-106 -704 776
-637 -116 -118
-216 -400 922
640 -418 560
660 -440 185
344 725 -252
-932 260 -553
897 -341 -827
356 266 30
875 -22 -294
-657 -205 482
874 923 -653
-476 470 -517
-981 -890 -114
-911 -762 335
576 412 513
934 -591 553
3 -573 -76
853 814 -379
-678 742 -920
486 640 -649
740 921 -641
71 -104 -901
-478 -902 -186
-996 887 528
-719 877 578
705 693 -332
-188 -181 -760
-551 187 566
-73 -187 -660
49 22 -160
438 817 -313
-543 278 101
-424 -989 111
88 923 602
680 -972 29
255 -265 -400
292 339 -722
291 -316 -194
-183 260 -188
-199 224 781
-832 -416 664
727 -156 -913
-69 146 516
594 -6 -73
-614 -444 -423
-907 592 463
865 139 617
-809 524 -233
-741 303 -948
420 -375 199
-413 -249 54
847 -310 -764
-25 203 536
142 -967 -387
595 261 762
609 -360 697
382 -617 494
-896 -890 882
113 904 869
-519 410 737
141 810 -332
-481 -686 -378
-28 -67 742
12 136 103
762 -135 -702
-667 -639 -509
548 639 793
-379 790 -134
714 -166 469
640 16 -918
-758 625 926
-42 330 473
993 490 163
211 -54 574
156 936 756
378 -884 -301
260 5 326
592 -504 -594
463 956 -264
-683 545 599
-265 492 745
-168 869 409
-718 633 401
609 -627 22
721 -412 393
-668 244 -391
-478 -655 360
975 -406 -774
367 -894 206
848 -109 424
938 -116 -646
-793 764 771
707 373 -64
-420 913 -189
945 921 558
573 -363 895
569 -80 49
934 436 -246
888 541 724
38 55 745
-258 -588 563
805 156 748
129 138 -460
904 -988 -695
970 216 -792
472 844 -577
-938 -898 -846
392 -522 -272
948 363 -25
-372 -862 -340
-433 874 534
-508 -481 382
532 895 -634
-994 -661 297
651 -766 476
669 -904 -179
-225 834 918
-534 8 -194
622 520 -458
-296 -179 -10
-850 -769 -319
925 -286 -262
286 738 666
-855 695 -725
777 -615 -383
281 258 -942
-109 -759 120
-328 628 -611
993 -360 -140
-49 -65 -530
335 -376 256
-597 -545 253
272 -333 847
-636 709 701
-446 511 816
322 -569 15
409 -291 -975
-923 666 378
428 -430 -769
560 412 715
-447 693 -243
142 117 -626
157 768 812
780 -843 -166
-967 94 491
839 -387 364
-391 379 178
969 -44 -497
425 577 88
153 363 -894
-738 -749 -694
-561 -41 815
-47 -271 543
-50 871 780
49 234 487
679 -920 -285
-311 522 -342
-254 -216 305
-130 -675 -667
-373 966 -283
284 -480 -459
-352 -920 -408
29 -501 574
-254 -98 84
-602 -164 -1000
-537 -891 -191
-33 651 -69
-624 272 -576
-132 -294 247
-267 -249 285
672 658 117
727 970 -400
850 -375 -151
-79 574 545
-856 172 -358
934 710 571
-152 -950 540
-40 -290 92
501 -567 -812
-637 37 -370
746 -669 315
353 -258 -179
267 308 -614
-398 -383 -309
-45 -583 -992
540 -707 -302
557 -137 592
-299 360 244
-709 -792 50
-930 888 -570
-645 -702 150
-176 -851 -339
-639 725 -90
-578 -138 590
292 192 269
987 734 -438
142 -962 265
-793 -676 78
-473 843 -410
194 432 -829
-145 675 219
-961 -353 -587
-155 -826 738
130 -736 388
-844 653 -444
302 353 -112
-920 -320 -253
140 -169 492
911 801 702
697 -386 -16
-808 -340 -368
968 672 291
-444 -424 879
755 -615 724
-114 262 795
609 -862 -394
-336 -542 -68
-446 233 -906
921 137 -466
668 485 -110
-298 285 -249
729 201 -865
-288 -940 439
-906 -653 376
291 540 418
-241 443 302
8 56 -46
73 -975 -481
-631 791 -790
645 -601 692
142 538 -522
-938 -792 -319
615 339 -824
642 -647 535
-868 -214 -399
345 511 206
558 -223 222
908 -72 841
555 75 557
-181 720 -88
-924 -876 614
-61 -564 -915
-684 -282 821
882 -110 126
865 696 -316
-363 158 435
-194 -323 871
967 -500 -725
220 -676 230
-180 879 559
-402 28 -858
548 547 540
-597 -175 210
513 -283 957
-936 -941 -685
923 967 -338
-785 -675 292
184 340 -875
908 -209 302
1000 746 -259
994 -15 -326
-6 -580 204
834 -621 772
510 108 -565
-793 -254 -672
-941 946 857
-829 -493 510
505 -1000 499
-715 650 30
-682 204 94
-818 -966 182
235 933 -990
388 139 -165
703 -280 -149
86 -130 654
-607 886 71
511 -901 883
-10 -847 -911
18 686 970
-157 -489 -263
932 42 455
315 969 -252
-551 -377 -114
585 880 586
-711 -776 -401
1000 166 538
-491 -404 243
521 451 -394
379 -512 -696
738 363 -882
705 578 -36
727 -409 933
-906 652 -10
606 -866 -911
932 -22 -214
494 -787 -644
-208 -298 417
-104 578 998
325 -829 619
983 -902 48
-838 -463 279
-920 323 -572
977 427 -152
603 -381 532
-697 -970 277
-577 165 -457
-202 -720 -50
-751 959 -147
268 -645 703
-616 570 -199
-28 973 503
355 102 386
-215 -747 231
118 -243 686
-310 -789 972
662 -114 -163
-797 -381 -676
-203 -349 397
524 -308 -656
765 712 -599
-952 -614 -13
965 485 75
-184 -763 -623
879 -46 711
-912 53 943
850 47 398
244 -544 630
956 -542 -266
-86 -354 -281
-680 69 835
-611 676 545
-541 783 -38
-740 315 -564
-917 753 -86
-431 -586 315
369 300 -23
856 -938 777
589 438 586
104 -979 314
124 -341 831
757 441 853
135 -247 878
-531 -506 -724
-230 701 -817
786 -843 780
182 -923 -976
-979 -307 188
-648 663 480
-267 670 -450
-368 -767 1000
-469 -448 647
853 674 -164
250 974 686
225 -217 -423
579 -434 259
504 414 469
606 710 554
814 -220 749
542 656 944
536 970 -546
-909 934 -467
-528 652 -283
-956 -819 748
-825 49 427
-924 -407 -695
-935 238 621
311 -882 843
847 -510 -138
-465 301 115
224 586 -551
182 -876 452
-236 -379 -496
982 -3 113
59 -792 671
-167 -568 -410
534 -632 724
959 54 682
608 242 -656
796 289 -286
497 134 401
919 747 677
-17 426 -447
907 -368 -873
-145 -219 27
195 -133 420
267 -439 -679
373 -835 -637
-727 688 -437
848 160 84
622 304 483
137 -595 -366
-573 340 -632
996 -617 -813
816 397 523
318 -976 -720
-884 -143 -391
156 -911 -54
690 -170 -468
-512 -247 -427
318 844 737
-732 -764 733
760 88 311
85 -456 651
-591 141 184
-167 -924 -266
-809 484 -113
-741 -267 900
490 -93 891
329 997 -335
904 -639 227
984 224 -882
-159 614 -481
-54 296 366
558 -862 123
111 90 -773
237 574 288
-320 -120 788
505 497 -526
338 896 -245
-403 817 -445
-790 254 835
-791 894 120
218 -938 99
-226 820 -862
-670 664 942
999 -460 -962
312 267 -961
915 727 23
-580 392 -879
-261 -20 984
296 866 939
-393 -773 -291
-251 162 269
345 445 -998
834 163 -583
-620 -306 265
-641 -988 -487
31 -75 211
-56 192 14
738 -574 318
575 960 999
159 993 -157
450 88 -630
675 375 -30
156 -163 -501
-661 -313 711
-912 -464 -145
32 -624 574
-538 -136 999
700 -516 777
-884 -891 -32
-156 562 -837
-114 181 -209
-768 982 -502
-168 -95 -389
68 984 -787
-17 557 97
-785 -749 910
266 302 -78
-890 -900 -870
140 349 715
149 810 -730
-941 415 182
-770 627 349
864 408 -956
589 -923 -937
285 644 93
767 837 685
-751 192 -908
982 -475 780
-855 169 -924
820 404 -146
-132 -740 -515
105 -562 -124
557 -680 646
202 -65 -232
675 -562 -494
-540 701 88
-563 503 -922
929 164 -412
395 485 -629
14 494 363
-9 -195 217
-391 693 -777
-86 977 464
-578 -89 539
142 -517 -777
463 -438 700
-388 -273 -376
-625 -3 862
887 -743 -867
674 330 -387
122 119 989
436 183 -336
-257 824 -161
180 956 -675
334 923 929
228 680 -804
-143 -872 -283
-205 -153 43
219 -694 208
-929 582 336
90 451 250
359 176 -975
145 126 213
-79 -538 563
184 892 518
-596 -967 -394
437 -435 582
517 556 -705
417 271 740
-175 -113 941
205 -832 -340
-145 -439 671
-791 -84 838
-78 15 912
903 194 521
767 -237 -723
-778 715 -305
-553 -214 -173
-743 -38 -432
-334 -570 844
-375 -815 -538
-197 -588 -701
94 841 410
279 338 -149
434 958 -18
-908 -101 177
-396 -395 -552
472 496 331
229 -452 560
262 417 425
530 426 -114
194 363 -498
98 774 703
-494 980 -165
-868 -814 -561
-569 -461 -198
-436 -207 97
229 -404 616
798 -842 65
-275 -916 -864
591 -988 28
323 727 25
-316 -63 865
99 -639 840
183 -754 -778
-178 -986 1
478 -411 405
95 -782 351
849 -560 -500
448 -400 -797
-602 -206 962
138 891 -385
-191 234 537
768 -174 267
53 50 -224
-825 38 -855
-940 -645 296
-178 33 -303
70 691 826
-214 -203 -978
-21 719 493
223 -670 -877
-496 526 180
-166 -931 85
847 -695 -612
-409 -739 154
605 -195 -179
-714 896 983
685 580 184
521 -385 -749
-297 268 -189
951 367 189
358 -288 -777
-853 330 -39
569 707 360
585 455 -633
499 -275 639
131 -975 -172
-41 -568 218
-795 795 680
-794 -2 538
174 955 -592
-521 -385 615
862 -505 107
79 578 -488
855 701 -151
-285 -436 -792
-610 -465 -72
799 139 -304
186 743 269
518 273 -968
-651 -792 -97
536 727 363
-61 -641 827
-462 883 90
896 -750 891
-824 -940 -433
-1000 886 -876
468 594 -770
-549 -848 -344
-360 -951 -4
449 20 -904
-305 -811 579
-832 -994 -219
976 788 246
-223 -932 -679
-46 448 -850
729 773 369
-469 663 -149
116 -325 276
-868 790 795
-460 -959 778
363 4 983
239 859 -431
224 -391 364
-563 797 -234
353 -928 -769
-212 -435 -543
-328 -363 999
36 919 520
-957 538 -9
876 -794 202
656 -674 -195
-953 456 642
199 -946 -451
883 -444 423
-926 -44 331
-154 -204 723
-170 387 -538
-864 -147 433
-309 -27 -243
171 983 611
-475 -481 138
-923 -188 327
-262 435 548
-864 -863 -389
916 -283 598
-626 86 157
925 -689 -384
263 841 424
484 -533 668
-168 60 591
-806 123 582
958 709 115
586 392 694
652 673 620
-216 668 651
-24 -526 -283
-616 -390 -931
39 673 877
733 142 -693
53 -912 -224
999 345 -177
499 -821 -463
-850 117 -971
-96 -156 275
887 -454 396
183 -664 -657
936 853 549
168 -459 -872
879 642 678
-680 -751 391
-482 177 808
431 317 -367
-547 51 868
-645 742 617
-448 522 150
191 50 484
-424 -641 628
173 960 -964
349 -432 -893
-127 452 536
-258 -853 -494
-711 -276 -149
942 -396 591
-226 -790 -49
-377 318 -313
547 806 191
842 -799 -249
501 -263 -190
135 711 852
-363 -523 -398
-800 -692 -229
-259 36 470
-486 -262 193
-356 -698 342
307 967 -937
419 994 -866
-395 10 28
-473 -939 -301
-577 -395 -2
-603 -723 -396
853 -326 -183
-2 -985 -910
-471 114 571
-974 23 -12
425 -983 -803
-782 -735 24
403 -623 380
-418 -834 656
428 -219 -431
-841 -364 -210
253 164 -710
-673 946 -109
954 -178 -772
-55 -794 -968
-860 -331 -81
123 -24 -593
-338 173 22
-534 -703 843
750 -736 867
678 156 -228
378 599 -800
-579 303 -390
-294 978 -419
-594 -77 -295
36 389 -219
-690 459 885
476 -854 -184
-151 560 -55
-705 917 -312
-955 181 -839
-374 621 -783
592 642 -893
776 668 271
-751 553 -71
-531 -269 602
-682 390 720
329 306 328
-845 883 -882
531 -899 -127
-676 -829 761
210 -409 -395
-349 524 -92
-41 827 -498
-39 820 -123
480 949 -130
-558 367 -224
895 -350 -125
-192 393 698
828 -855 -78
-235 730 -71
-348 -520 899
521 79 -311
-447 906 816
-66 138 656
-290 398 -679
493 -945 -694
-557 528 517
-204 745 396
-662 -200 -56
617 496 31
-781 -936 422
-893 -725 -519
-642 31 128
376 -36 542
918 649 355
752 -489 -583
-867 161 31
370 887 906
-737 -207 -834
-314 594 -424
749 964 -575
-4 -165 -223
354 -85 -549
300 21 107
-805 -546 498
1 930 225
321 -910 297
650 -601 -973
419 -934 -294
399 -871 876
721 -348 308
-992 406 708
256 284 -842
102 -128 467
717 -54 -920
-216 -37 638
602 190 -653
-298 903 273
782 998 325
-212 -773 -167
-234 791 493
-603 -781 967
-500 -251 -620
728 -787 844
-433 -430 -318
-930 -771 -946
815 773 508
-969 676 621
-129 20 509
-168 -347 -273
-564 -675 -757
-246 71 472
955 -731 168
299 50 424
769 -736 -507
-265 971 360
-82 350 195
430 620 -69
320 116 494
-636 -522 -44
971 -432 -87
-717 -922 31
686 -990 -423
326 -759 -846
-46 720 -121
797 -614 70
503 671 -126
-626 546 320
-528 -150 -315
992 462 196
866 549 519
-633 -73 527
-443 863 254
-474 781 -72
-512 381 313
184 380 -746
123 349 -335
54 174 367
694 431 381
184 -126 923
188 -842 22
-536 -457 -657
858 -165 -541
-573 558 790
195 -586 -67
381 -121 -547
680 975 -898
981 -997 -271
-74 472 777
-670 -400 86
-294 -645 -383
366 -11 -74
-301 353 998
-560 633 -76
-207 437 -986
560 931 -591
881 463 650
125 -977 -898
-230 -601 366
1000 -851 349
251 317 244
-706 527 -130
233 734 611
-124 -988 131
556 -952 605
795 686 282
-814 670 -926
-924 -884 38
914 -753 -262
802 -461 -7
-607 72 -783
-481 -924 826
421 -161 173
394 305 -62
158 -918 -949
-121 227 -789
132 -47 848
204 -795 295
893 884 -33
-897 -313 -547
260 734 891
-76 483 -319
924 -817 -482
582 -24 531
-560 861 -431
737 100 -606
-552 105 -180
739 775 -390
-943 -684 -539
53 321 -961
-190 962 869
-623 -32 505
-299 676 -274
957 60 -786
-633 -397 262
255 286 -978
613 -484 -660
935 -851 -359
-833 353 -247
899 867 508
-744 695 -776
911 683 153
-271 -234 -351
828 -951 -458
126 -403 -57
-999 -564 -366
-586 -591 -655
351 -567 37
-884 95 -987
828 -921 315
-325 510 410
185 116 825
655 891 -501
-589 781 -397
-621 -158 -806
301 -490 837
558 -563 237
-769 -339 743
-634 -215 254
734 -488 -892
289 -551 830
-685 538 -287
-24 466 -251
-726 -369 207
80 343 -282
100 -762 -25
144 733 472
948 -611 924
191 -727 -293
-911 586 -62
-750 -533 -688
72 870 80
162 913 441
-942 952 352
-1 -530 -443
-615 -992 72
719 323 197
-225 -898 -90
421 739 947
868 395 -774
412 247 -212
-188 838 739
-138 915 29
74 373 -782
-584 210 -730
-354 -85 -659
-279 -631 400
741 -78 -573
910 -573 851
339 290 252
-229 492 851
-61 -268 -655
-954 198 664
30 934 -414
884 922 -784
659 -956 470
-209 754 -275
-84 664 -448
225 544 -259
-315 960 -941
-431 978 35
-63 153 370
954 -614 -228
975 -776 10
887 312 126
34 935 823
294 -635 692
-61 708 147
-348 127 808
259 450 -886
300 -83 269
363 -265 854
-760 312 -429
-329 889 326
-175 729 -959
-520 -836 -397
-71 -927 -311
669 -695 103
536 740 -571
984 -2 -685
-132 -984 -197
62 97 -247
140 588 -148
-106 18 -396
-639 -474 570
565 607 -873
87 -960 -599
-997 563 -10
-702 -173 -326
-601 432 -882
316 215 -685
368 818 -798
683 313 733
189 -656 -833
-427 740 938
746 951 498
551 -658 -638
76 -90 -51
-948 274 131
656 180 -447
-820 148 485
-397 276 765
-778 258 415
-14 696 502
587 -934 -624
372 970 439
-701 211 -786
967 -290 -165
-381 -864 984
169 646 589
-21 -301 529
217 -358 597
-57 -280 715
-625 576 -732
-681 950 -495
-795 -58 16
-750 923 989
-523 -817 -836
-602 822 223
-330 789 723
-56 569 50
883 122 -839
-251 -226 -505
7 -854 689
372 -226 127
-692 -325 -636
-968 970 -20
49 -895 -198
-945 -84 469
-354 554 -842
351 -887 603
-99 113 177
619 -704 -929
746 475 41
-607 53 -749
-55 -792 10
728 240 -874
-983 -702 746
-653 -79 -879
146 -190 437
878 -685 773
-312 552 -799
509 710 -411
251 419 -405
731 -901 -490
-603 -306 358
852 469 -584
57 -488 340
-173 -323 -379
662 788 -708
-224 -87 -438
413 843 865
-266 -536 -118
-692 756 560
-864 153 791
559 -544 -667
-916 -722 -981
125 266 18
-253 138 -190
-720 -912 129
782 -81 -640
506 -446 -602
-888 -524 -766
884 149 962
-215 573 108
375 -991 -626
472 -870 -613
101 889 152
588 607 -801
816 -67 684
760 -371 -87
-848 419 -647
-928 -993 -887
34 -862 694
906 731 -388
-74 404 -549
158 -224 -470
-7 831 -896
-998 318 232
542 -303 956
476 -694 -528
-38 958 906
711 45 -245
-433 970 -805
261 974 -544
-383 -51 -211
198 -222 157
732 -119 679
-987 -688 -163
846 -959 621
-579 924 -382
-557 796 -542
930 937 -693
456 -876 -187
545 731 -817
986 -790 -280
357 -430 -383
-856 -651 -648
-798 -63 528
-234 763 352
152 -566 626
-504 -139 945
-485 890 -402
766 85 -901
-369 -1 -569
853 -736 -88
774 148 -937
986 292 982
868 343 -322
-573 266 -515
-337 91 454
-978 345 -901
-764 -294 -263
-61 -898 -672
214 -269 -70
609 -885 470
-630 -181 44
-808 315 -426
478 -905 -711
-264 548 -468
-358 -348 -891
773 -160 -507
703 -490 -38
275 990 358
213 -289 -911
-286 517 -536
-215 477 -455
-900 -430 748
-343 356 751
-65 -923 -974
-973 363 896
312 -227 873
-766 114 -988
-209 364 148
406 -12 -357
-133 799 -614
621 738 762
576 -386 -103
-668 316 -750
166 68 -87
63 -748 -251
954 527 951
-672 200 908
28 368 389
880 692 248
80 -939 916
277 458 241
850 -796 -212
-713 263 560
-637 333 -31
-343 446 -952
780 778 104
393 -212 387
651 -464 -167
812 -581 -704
-348 919 270
701 931 -824
-262 623 472
928 599 39
-146 -966 -526
291 397 737
565 -909 912
-712 -240 383
92 -970 -580
-905 865 381
-213 420 127
-243 794 -314
-823 -886 923
-373 -497 551
-197 -423 -789
113 370 -27
-714 88 618
719 -464 644
537 933 -219
298 -54 -167
881 -388 -710
-143 667 -847
960 -56 -934
-715 -682 939
-254 -36 -867
-484 732 -716
190 -967 -493
-683 144 335
-520 -536 -430
356 -240 337
832 -476 733
155 -147 -236
-996 383 889
88 -541 27
552 -313 -259
-228 747 848
-183 -477 -788
-755 364 765
76 322 234
-330 -393 852
531 692 502
747 -520 -387
193 969 -562
166 -884 24
-446 177 40
677 -595 845
-701 -159 660
236 -805 959
-649 1000 -791
482 -81 101
26 106 -471
-673 -22 118
152 589 -125
648 804 917
340 60 -489
119 553 -446
358 -170 -308
-173 -736 826
345 -273 -534
376 160 580
224 -557 -588
839 -156 -988
113 505 -339
661 346 -347
-165 -787 714
-982 904 -148
-314 -703 -841
-639 784 773
577 -342 926
-857 -437 -399
567 -947 -237
213 284 50
-947 -174 -495
519 850 -70
-170 456 -67
-94 -916 -151
-576 226 -552
866 271 -347
733 958 -883
322 530 936
-930 362 -304
474 519 -930
332 972 286
894 764 88
474 -757 -143
-142 317 350
42 -983 544
229 583 -140
964 710 -648
42 301 489
-212 641 -314
894 -933 -202
572 740 719
-602 -476 -245
-749 -631 -509
-156 236 -311
197 -924 -776
782 937 -56
-493 498 -530
217 529 301
98 838 -671
-652 541 -513
808 71 -677
-336 555 556
-248 -300 -398
418 956 -325
561 473 561
288 719 -142
-121 -394 -578
361 -105 808
-378 232 355
-407 661 901
-985 -214 627
436 882 -30
896 163 584
-358 -157 427
-886 -515 -131
183 -217 -607
-298 69 935
-252 270 990
398 -676 410
-336 257 117
788 460 480
715 300 -317
623 224 -266
-927 -526 969
532 -657 152
862 -869 341
855 418 -420
149 -265 -949
-194 579 -356
120 526 -547
837 564 -5
586 -853 689
-227 -160 446
-262 849 -713
-206 -143 -680
565 499 -359
-217 -47 351
116 -765 -546
-17 914 -654
809 146 -113
231 -940 761
-337 3 445
-240 -645 -277
-401 -886 429
206 -239 839
519 734 658
698 -243 12
584 883 800
-396 834 93
977 586 559
248 -21 -397
330 143 915
938 -816 -910
-402 460 -225
263 980 900
-664 -50 513
-719 407 994
-137 -669 -536
-638 811 -563
255 301 789
-803 132 277
180 468 413
-8 -902 -511
-364 900 -686
456 -577 210
-127 -2 293
-379 941 -931
806 -77 -520
812 -335 819
-760 -509 -252
703 -750 -247
-52 920 383
-666 -827 600
795 -109 -69
-336 850 36
-683 950 118
-642 -994 -121
-758 385 401
-235 542 -443
791 640 55
733 -476 -66
-756 -872 212
-132 104 -394
336 -743 -918
278 -760 132
47 -828 -312
506 831 452
439 342 426
593 -521 -270
-633 87 532
984 -760 -58
983 562 -657
5 891 -317
-91 245 -746
-849 -251 427
273 577 -939
126 867 -533
818 -822 235
961 -957 -272
-648 14 -376
-26 -727 207
-574 67 -516
-901 741 453
929 -850 -90
-189 555 -764
53 775 -517
321 -152 -17
713 529 542
831 618 -568
287 443 15
-139 -334 -30
96 780 -754
-535 -335 -104
720 -245 971
601 -109 -564
100 442 107
-262 424 346
-339 751 -581
-895 -755 956
584 -276 118
235 379 366
-58 -377 -500
-644 -479 -413
-459 53 361
-429 50 507
-222 948 113
-481 299 393
-433 857 -755
488 550 943
-49 677 23
-470 400 660
512 141 -966
635 163 492
-417 778 418
-855 -581 -71
-888 602 -10
28 334 -521
-851 816 -94
-617 573 -724
795 442 -530
919 -363 -957
-717 -666 3
-52 -525 318
-852 -355 954
-736 30 -989
644 -436 817
-922 -189 -257
-918 607 487
383 -916 -280
-32 -263 758
195 477 -386
-777 -129 -277
-599 32 -5
109 218 831
973 754 756
920 21 362
-169 267 -612
345 -320 543
-329 -735 353
965 -947 -960
29 -91 463
-785 -697 -893
25 -606 -830
-547 484 391
519 368 76
-437 -459 964
195 -572 791
-485 -131 36
-661 512 575
-825 824 29
2 526 183
-267 925 984
340 -561 -483
317 -18 713
865 -684 -366
-822 -714 -103
429 -770 27
-180 358 -259
245 658 0
-932 454 331
878 -564 273
-619 -248 773
652 982 -84
954 815 -358
302 -850 -287
-463 814 913
819 849 765
-656 43 -630
223 845 265
847 -4 562
-743 73 -388
263 -973 -210
-457 -69 482
458 -961 -639
-176 -646 -463
498 624 229
310 -601 -497
329 582 -635
226 914 604
-374 -999 -805
759 -636 260
-727 276 651
-938 726 -734
171 -429 -777
-585 578 -707
-373 -313 -607
-24 -139 -995
440 402 612
818 -853 231
-798 -300 514
839 -185 -785
-287 -794 -298
597 956 265
-348 569 35
610 206 -645
937 -745 855
-721 -477 -599
319 -957 516
-49 -760 -14
556 783 -836
369 319 -941
-35 -46 478
-780 684 -397
70 608 632
-877 752 -22
-588 -98 788
-665 655 -94
-512 873 917
-120 -565 -595
280 -594 366
-460 -990 -944
-317 -171 -927
212 -29 822
847 70 -769
-532 -807 671
-467 -25 -916
-252 -538 -785
-351 125 42
-49 -510 325
939 -569 -953
-20 474 358
-629 -354 651
121 845 -119
137 697 98
514 860 -568
-924 -294 -319
-800 755 597
-890 -110 -458
47 -332 175
317 323 -90
-162 629 -912
116 -313 -746
-961 -67 412
-971 -806 371
-136 133 273
27 899 -220
-451 928 -67
41 405 -304
787 632 554
507 902 -291
615 -404 711
-661 -735 806
879 -957 -236
-711 -442 893
152 741 732
-683 -677 -556
398 810 -948
995 -793 837
528 -330 683
491 477 -188
201 -666 -500
-748 178 898
34 -679 276
-781 -306 -320
491 -249 -370
-193 -37 537
619 77 -94
458 528 -719
884 -689 -311
795 -1000 -378
790 -865 547
-404 -503 -251
-225 -700 -367
-23 367 571
-390 879 573
-284 -697 641
-666 -225 59
-423 -608 316
715 297 56
-109 363 -442
445 -829 -214
948 885 362
192 -142 459
847 320 208
864 -320 -455
1 133 -430
-302 -348 -1000
-977 721 -485
559 -281 27
397 -377 -316
618 375 292
530 393 -731
-633 -990 729
621 182 -316
-934 446 134
-365 -348 365
702 -534 -129
-947 43 -583
491 670 -788
304 -896 -34
-926 -47 189
927 396 712
-428 20 -242
138 563 -738
499 162 957
502 883 651
76 380 202
-550 909 965
-310 384 580
-665 288 872
790 510 145
-591 617 698
136 -219 359
-226 -303 -588
-991 -924 665
-736 -413 782
-763 16 276
-107 -113 -140
-572 -534 -254
-764 59 -192
-151 -779 -25
-432 -444 856
-930 -890 316
-512 -106 -234
383 -869 -948
-870 309 -569
821 817 996