100
 42  0  2.91667  0  0  0.518519  0  0  -1.16667  0  1.08995  0  0  0  0  -1.62037  0  0  0  0  0  1.94444  0  0  -1.16667  -0.648148  0  0  0  0  0  0  -4.5  0  0  0  0  -61.6905  -7.44067  0  -7.51042  0  41.127  0  -0.985185  0  -3.64583  0  0  -0.291667  0.169312  0  0  -5.83333  -0.26455  -0.0219479  -1.38272  -3.72034  -0.729167  8.75  0.312963  0.0881834  48.5  0  -1.89043  0  0  2.5  -0.531636  -0.520833  0  0  0  -1.8  1.85185  0  -4.3963  0  17.5  8.75  0  0.4375  -5.83333  0  0  0  -0.0987654  -1.82292  0  0  0  0  -17.5852  -0.714286  53.7756  1.10911  -1.5873  -0.126984  -1.62037  0 
 84  1  -0.604606  0  0  0  0.5625  -0.160714  0  0  -1.12169  0  0  0  0  0  0  2.66667  0.285714  0  0.0642857  -0.666667  0  0.285714  0  -0.3  0  0  -1.61452  0  0  -0.24  -9  0  4  0  0  34.7619  -17.9688  -0.160714  0  0  -23.1746  0  -2.12037  0  0  2.5  0  8.4375  0.338624  0  -0.790787  1.25  0.571429  -3.1689  -0.9375  -5.48438  0  -3  2.7  -0.190476  -26  0.0918367  0  -1.875  0.321429  3.125  0.395062  0  0  2.5  -1.60714  -3.6  -4  -0.9375  10  0  -3.62764  -3  0  0  2  0  0  0  -0.197531  0  0  0  0  0  41.5  -1.42857  -37.4464  -3.03968  2.50599  -0.253968  0  0 
 0  13.3333  -19.001  -1.14286  0  0  0  -6.46667  44.8  -6  31.3469  0  0  0  0  -64  0  -56  0  16  0  -14.9333  0  0  -8  -112  4.44444  0  -9.79592  0  0  -7  0  0  0  -22.4  0  -12.3619  -116.148  0  -1.33333  0  -1.71429  2.66667  4.70476  0  0  0  0  0  0  0  -4.798  0  -10.449  -7  0  -58.0741  0  8  0  3.48299  0  -1.86589  -68.4444  0  -6.53061  0  0  0  45.7143  0  22.4  0  73.1429  13.3333  -181.257  30.4  -164.406  0  0  0  0  0.666667  4.57143  44.8  0  0  -11.2  0  -4  -2.66667  -725.029  0  218.867  45.9828  -68.2915  0  -64  -0.666667 
 0  0  0  1  0  0  0  3  0  0  0  0  0  0  0  0  0  0  0  0  -1.2  0  0  0  0  0  0  0  0  0  0  0  0  0  0  0  0  0  0  3  0  0  0  0  0  0  0  0  0  0  0  0  0  0  0  0  0  0  0  0  0  0  0  0  0  0  0  0  0  0  0  0  0  0  0  0  0  0  0  0  0  0  0  0  -0.857143  0  0  0  0  0  0.75  0.5  0  0  0  0  0  0  0  0 
 0  0  14.7901  0  1  -0.473469  0.166667  -0.047619  -5  0  -0.812162  0  0  0  -0.0357143  1.65816  0  0  0  -0.0267857  0.0190476  9.83333  0  0  1.19388  0.663265  3.33333  0  0.336224  0  0  -6  0  0  0  0  0  -238.44  2.42593  -0.047619  9.68559  0  160.071  2  -0.204665  0  3.73087  0  0  5  0  0  -0.0802166  -24.5  0.270721  0  1.26259  1.21296  0.746173  31.125  1.06122  -0.0902402  186.75  -0.0311953  6.60119  0  -0.109184  0  0.746173  0.532981  0.764286  0  0  0  -1.89504  10  4.49883  -16.3929  94.3656  31.125  0  -7.125  -20.75  0  3.42857  -5  0  1.86543  0  0  -3  -2  17.9953  0  181.408  -11.135  1.53074  -0.657143  1.65816  0 
 0  0  0.639161  0.026455  0  0.8125  0  0.618441  -1.23958  0.138889  1  0.125  0  -1.75  0  0  0.1875  0  0  0  0  0.413194  0  0  2.81019  0  -0.416667  0  -0.125397  0  0  0.726852  -0.185185  0  0  -7  0  8.35255  -0.372685  0  3.42593  0  -5.29291  -0.25  -4.50853  0  0  1.4  -0.1875  0  0.571429  0  -0.085034  0  0  0.0740741  -2.16667  -0.0925926  0  -0.738281  0.375  -0.25  -4.42969  0  -0.583333  0  0  0  0.666667  0  0  0  0  0  0  -1.25  -0.562037  -0.333333  5.22949  -0.738281  0  0  0.492188  0.123457  -0.428571  -1.23958  -0.395833  0  0  0  0.375  0.25  -2.24815  -11.825  -3.69109  -1.15192  -0.0992063  -1.55357  0  0.202932 
 0  0  5.93802  -0.0846561  0  0  1  -1.76473  0  -0.444444  0  2  0  0  0  0  0  0  0  0  0.114286  4  0  0  -0.592593  0  0  0  3.55556  0  0  0.0740741  -0.157407  0  0  0  0  -138.838  -5.90741  -0.285714  -0.962963  0  92.5587  0  0.101587  0  0  0  0  0  0  0  1.27211  -12  0  -0.518519  0  -1.4537  0  18  0  0  108  0  0  0  0  0  0  0  0  0  0  0  0  -1  0.118519  1.06667  35.6281  18  0  0  -12  0.00493827  0.333333  0  0  0  0  0  0  0  0.474074  -10  107.652  -0.0338624  0.31746  0  0  -0.449383 
 0  -2.13333  -6.55527  0  0  0  0  -37.4  0  0  -4.3298  0  0  0  0  10.24  0  0.933333  0  -2.56  0  0  0  0  0  17.92  -0.711111  0  26.7673  0  0  10.88  0  0  -1.6  0.8  0  0  21.3837  0  -0.426667  0  0  -0.426667  -0.533333  0  0  0  15.36  0  -9.6  0  16.3105  0  1.44327  46.6133  0  9.29185  0  -1.28  0  -0.481088  0  0.298542  10.9511  0  1.0449  0  -11.2  0  -7.31429  -34.56  0  0  -10.1029  -1.91111  25.2571  -5.56  -10.5316  0  0  0  0  0  -0.731429  0  15.36  0  0  0  0.64  -114.773  101.029  0  -39.4859  -6.41451  23.9552  0  10.24  -15.36 
 0  0  -8.33333  0  0  -1.03704  0  0  3.33333  0  -1.5873  0  0  0  0  3.24074  0  0  0  0  0  -5.55556  0  0  2.33333  1.2963  0  0  0  0  0  0  0  0  0  0  0  192.857  5.88134  0  15.0208  0  -128.571  0  -0.4  0  7.29167  0  0  0.833333  0  0  0  16.6667  0.529101  0  2.76543  2.94067  1.45833  -25  2.07407  -0.176367  -150  0  3.78086  0  0  0  1.45833  1.04167  0  0  0  0  -3.7037  0  8.79259  0  -50  -25  0  -1.25  16.6667  0  0  0  0  3.64583  0  0  0  0  35.1704  0  -160.551  -2.21822  3.1746  0  3.24074  0 
 0  0  0  0  0  0  0  0.8  0  1  0  0  0  0  0  0  0  0  0  0  0  0  0  0  1.33333  0  0  0  0  0  0  -0.166667  0  0  0  0  0  0  0  0  0.666667  0  0  0  -0.228571  0  0  0  0  0  0  0  0  0  0  1.16667  0  0  0  0  0  0  0  0  0  0  0  0  0  0  0  0  0  0  0  0  -0.266667  -2.4  0  0  0  0  0  0  0  0  0  0  0  0  0  0  -1.06667  0  0.32  0.0761905  0  0  0  0 
 0  4.57562  -6.85034  -0.0952381  0.5  -1.09388  0.0833333  -2.17937  16.7741  -1.66667  10.328  0  -0.333333  0  0  -18.8779  0  -16.5926  0.592593  5.49074  0.67619  -5.27654  0  0.592593  -2.161  -33.1512  1.31687  0  -4.36584  0  0  -2.09259  0.333333  0  0  -6.63704  0  -17.8242  -34.5516  -0.0238095  -0.149077  0  8.14286  0.790123  -2.14701  0  0.191327  0  0  -2.66667  0.571429  0  -2.62894  -1.16667  -3.08211  -1.44938  3.2133  -17.2758  0.0382653  3.87037  0.0544218  1.02737  8.83333  -0.542944  -20.1806  0.592593  -1.9003  0.592593  0.704932  0.0273324  13.8021  -0.790123  8.92275  0  21.7653  4.91358  -53.5047  9.46931  -60.0354  1.5  1.8  0.1875  -1  0.222222  1.13228  16.8296  -0.466667  0.428997  -3.31852  0  -1.18519  -0.790123  -214.019  0  75.0793  13.5748  -20.782  0.471429  -18.8779  -0.222222 
 0  0  0.154951  0.21164  0  0  0  0.697531  0  1.11111  0  1  0  0  0  0  0  0  0  0  0  0  0  0  1.48148  0  0  0  -1.38889  0  0  -0.185185  -1.85648  0  0  0  0  4.58095  -2.98148  0  2.40741  0  -3.05397  0  -0.253968  0  0  0  0  0  0  0  -0.180272  0  0  1.2963  0  -0.740741  0  0  0  0  0  0  0  0  0  0  0  0  0  0  0  0  0  -0.5  -0.296296  -2.66667  0.929705  0  0  0  0  1.18765  0.166667  0  0  0  0  0  0  0  -1.18519  -5  -2.73122  0.0846561  -0.793651  0  0  -0.0765432 
 0  -1.875  0.535714  -0.857143  0  0  0  -0.111111  0.166667  -1  0  0  1  0  0  0  0  0  0  -2.25  0  0  0  0  -1.33333  0  0  0  0.875  0  0  0.166667  0  0  0  0  0  5.14286  0  0  0  0  -3.42857  0  -0.240179  0  0  0  0  0  0  0  0.428571  0  0  0  0  0  0  0  0  0  0  0  0  0  0  0  0  0  0  0  0  0  0  -0.0246914  0.266667  0.333333  3.21429  0  0  0  0  0  0  0  0  -1  0  0  0  0  1.06667  0  -4.62  -0.0761905  0.5  0  0  0 
 0  0.0970018  -1.05093  -0.042328  0.0555556  -0.00302343  0.00925926  2.42451  3.5164  -0.222222  0.334537  -1  0  1  0  -0.45616  0  -0.407407  0.47619  0.116402  0.0010582  -1.1351  0  0.47619  -0.289494  -0.811036  0.0323339  0  -2.97195  0  0  -0.687831  -0.0185185  0  0  3.83704  0  -2.3388  0.639746  -0.0026455  -0.0849553  0  0.777778  0.0194004  -0.0984577  0  0.0212585  -0.8  -1.06667  -2.14286  0.730159  0  -1.22935  -0.12963  -0.0744751  -2.71088  0.246158  -0.430127  0.0042517  0.224868  0.00604686  0.024825  0.981481  -0.0124732  -0.486919  0.47619  -0.0436562  0.47619  0.856104  0.00303693  0.361149  1.76508  1.9997  0  0.521326  0.335097  -1.24542  0.641799  -12.2615  0.166667  0.2  0.0208333  -0.111111  0.0246914  0.0332577  3.5164  -1.1037  0.0106293  -0.0814815  0  -0.0291005  7.9806  -4.98167  6.4  3.26245  0.314458  -1.8811  -0.0809524  -0.45616  1.04198 
 0  0  -1.17583  0  0.615234  -1.51429  0.9375  -0.267857  0  0  0.172012  0  0  0  1  -0.364583  0  0  0.47619  0.75  0.0535714  0  0  0.47619  0  -0.645833  0  0  -0.940873  0.703125  -1.40625  -0.4  -0.527344  0  0  0  0  0  -3.76433  -0.267857  0.410156  0  0  0  0  0  -0.820312  0  0  0  0  0  0.242289  -1.25  -0.997024  0.00238095  4.0381  -1.88216  0  0  0  0.332341  0  0.153061  -0.425347  0  0.535714  0  0  0  0  0  0  0  0.401361  0  -1.04167  0  -6.91214  0  0  0.230713  0  0  0.234375  0  0.0107143  0  0  0  0  -0.571429  -4.16667  0  1.57259  -1.08962  -6.51978  1.50357  -0.364583  0 
 0  0  -5  9  0  -0.96  0  0  0  0  -3.31542  0  0  0  0  1  0  0  0  0  0.6  0  0  0  0  0  0  0.428571  0  0  -5  0  0  0  0  0  0  -9.91837  -2  0  0  0  6.61224  0  18  2  0  0  0  15  -2.57143  1.11111  0  0  0  -0.137778  0.893333  -1  0  0  0  0  7.71429  0  0  0  0  0  -3  0  0  0  0  0  0.171429  0  0  0  -31.6  1.28571  -8.1  0  -0.857143  0  0  0  -0.62  0  0  0  0  6.4  0  0  7.71429  0  0  3.00857  0  0 
 0  0  0  0  0  0  0  2.5  0  0  0  0  0  0  0  0  1  0  0  0  0  0  0  0  0  0  0  0  0.257143  0  0  0  0  0  0  0  0  0  0  0  0  0  0  0  -0.142857  0  0  0  -1  0  0  0  0  0  0  -0.222222  0  0  0  0  0  0  0  0  0  0  0  0  0  0  0  0  0  0  0  0  0  0  0  0  0  0  0  0  0  0  -1  0  0  0  0  0  0  0  0  0  0  0  0  1 
 0  -1.06667  -3.27763  0  0  0  0  -19.2  0  0  -2.1649  0  0  0  0  5.12  0  0.466667  0  -1.28  0  0  0  0  0  8.96  -0.355556  0  13.3837  0  0  5.44  0  0  -0.8  0.4  0  0  10.6919  0  -0.213333  0  0  -0.213333  -0.266667  0  0  0  7.68  0  -4.8  0  8.15527  0  0.721633  23.3067  0  4.64593  0  -0.64  0  -0.240544  0  0.149271  5.47556  0  0.522449  0  -5.6  0  -3.65714  -17.28  0  0  -5.05143  -1.06667  12.6286  -1.28  -5.26581  0  0  0  0  0  -0.365714  0  7.68  0  0  0  0.32  -57.3867  50.5143  0  -19.743  -3.20726  11.9776  0  5.12  -7.68 
 0  -1.90476  -0.413203  0  0  0  0  0  3.29524  -0.571429  -1.96825  0  0.571429  0  0  3.62963  0  3.5  1  -2.28571  0  -1.06667  0  1  -0.761905  6.85185  -1.03968  0  -2.37466  0  0.857143  0.595238  -0.380952  0  0  1.4  0  1.87211  6.58711  0  0.25  0  -1.95918  -0.166667  0.22585  0  -0.833333  0  0  -7.07143  0  -0.190476  -0.659309  0  0.592593  1.83951  0.785714  3.29355  0  -0.5  0  -0.197531  0  -0.0738581  3.84568  1  -0.258503  1  0  -0.119048  -2.85714  -1.33333  2.45714  0  -4.14815  -2.61905  10.5228  -1  -6.07922  0  0  0  0  0  -0.285714  3.2  0.777778  0  0.7  0  0.25  0.166667  42.091  0  -14.4515  -2.67728  2.78636  -0.777778  3.62963  0 
 0  0.833333  0  0  0  0  0  0  0  0  0  0  0  0  0  0  0  0  0  1  0  0  0  0  0  0  0  0  0  0  0  0  0  0  0  0  0  0  0  0  0  0  0  0  0.208333  0  0  0  0  0  0  0  0  0  0  0  0  0  0  0  0  0  0  0  0  0  0  0  0  0  0  0  0  0  0  0  0  0  0  0  0  0  0  0  0  0  0  0  0  0  0  0  0  0  0  0  0  0  0  0 
 0  4.6412  -6.73177  1.65476  0.158203  -1.62721  0.0833333  -2.17937  17.6944  -1.5  9.68908  0  -0.5  0  0  -17.3116  0  -15.5556  0.888889  5.56944  1.00952  -5.59259  0.625  0.888889  -1.93878  -30.6836  -0.327932  0.0765306  -4.41088  -0.390625  0.78125  1.09028  -0.166667  0  0  -6.22222  0  -18.9974  -32.0331  -0.0238095  -1.36382  0  8.71429  -0.196759  -1.9994  -0.555556  0.647056  0  0  -4  0.571429  0  -1.83507  -1.16667  -2.33471  -0.97037  4.78367  -16.0166  -0.308957  3.72222  0.358241  0.778236  8.83333  -0.50839  -20.8643  0.888889  -1.77937  0.888889  0.704932  0.0273324  12.9556  -1.18519  9.65079  0  20.2745  -0.539352  -49.5842  9.17302  -60.3906  1.5  1.8  0.0593262  -1  0.222222  -0.337302  17.7778  -0.533333  0.595663  -3.11111  0  0.295139  0.196759  -198.337  0  70.9523  12.8699  -16.1492  1.07143  -17.4902  -0.222222 
 0  0  1.5  0  0  0  0  0  0  0  0  0  0  0  0  0  0  0  0  0  0  1  0  0  0  0  0  0  0  0  0  0  0  0  0  0  0  -34.7143  0  0  0  0  23.1429  0  0  0  0  0  0  0  0  0  0  -3  0  0  0  0  0  4.5  0  0  27  0  0  0  0  0  0  0  0  0  0  0  0  0  0  0  9  4.5  0  0  -3  0  0  0  0  0  0  0  0  0  0  0  27  0  0  0  0  0 
 0  0  0.992857  2.57143  -0.546875  0  0  0  0  0  -0.15873  0  0  0  0  0.609788  0  0  0  0  0  0  1  0  0  0.62963  -2.5  0.122449  1.05  -0.625  1.25  4.9  0  0  0  0  0  0  0.588134  0  -1.86458  0  0  -1.5  0  -0.888889  0.729167  0  0  0  0  0  0.514286  0  0.886243  0  0  0.294067  -0.555556  0  0.486111  -0.295414  0  0  -3.12191  0  0  0  0  0  0  0  0  0  -0.37037  -7.5  0.925926  0  5.95714  0  0  -0.205078  0  0  -2.57143  0  0  0  0  0  2.25  1.5  3.7037  0  -1.47111  0.227807  5.91746  0  0.324074  0 
 0  0  -0.639161  -0.026455  0  -1.8125  0  -3.83273  1.23958  -0.138889  -1  -0.125  0  1.75  0  0  -0.1875  0  0  0  0  -0.413194  0  1  11.1898  0  0.416667  0  0.125397  0  0  -0.726852  0.185185  0  0  7  0  -10.924  0.372685  0  -3.42593  0  7.00719  0.25  2.10853  0  0  -1.4  0.1875  0  -0.571429  0  0.085034  0  0  -0.0740741  4.83333  0.0925926  0  0.738281  -0.375  0.25  4.42969  0  0.583333  0  0  0  -0.666667  0  0  0  0  0  0  1.25  -2.23796  0.333333  -5.22949  0.738281  -1  0  -0.492188  -0.123457  0.428571  1.23958  0.395833  0  0  0  -0.375  -0.25  -8.95185  11.825  9.05109  1.95192  0.0992063  2.55357  0  -1.48865 
 0  0  -2.5  0  -6.125  -0.444444  0  14.7  1  0  -0.680272  0  0  0  0  1.38889  0  0  0  0  0  -1.66667  0  0  1  0.555556  0  0  0  -7  0  0  0  0  0  0  0  57.8571  13.0206  0  6.4375  0  -38.5714  0  -0.171429  0  3.125  0  0  0.25  0  0  0  5  0.226757  0  1.18519  1.26029  0.625  -7.5  0.888889  -0.0755858  -45  0  1.62037  0  0  0  0.625  0.446429  0  0  0  0  -1.5873  3.26667  3.76825  -44.1  -15  -7.5  0  -2.67188  5  0  0  0  0  1.5625  0  0  0  0  15.073  0  -49.5219  -0.950668  1.36054  0  1.38889  0 
 0  0  -2.51429  0  0  0  0  0  0  0  0  0  0  0  0  0  0  0  0  0  0  0  0  0  0  1  0  0  2.1  0  -2  0.8  0  0  0  0  0  0  0  0  0  0  0  0  0  0  0  0  0  0  1  0  1.02857  0  0  -2  0  0  0  0  0  0  0  0  0  0  0  0  1.16667  0  0  0  0  0  0  0  0  0  -18.0857  0  0  0  0  0  0  0  0  0  0  0  0  12  0  0  -0.72  0  1.2  0  0  0 
 0  1.40625  17.4613  0  -0.546875  0  0  -21.4667  21.2833  0.75  -0.920635  0  -0.75  0  0  1.87963  0  0  0  1.6875  8.58667  0.0416667  0  0  1  0.418519  1  0.0833333  -1.35625  -0.625  17.0667  -0.391667  0.232143  0.277778  0  0  -5.36667  -10.1155  3.41118  -21.4667  -2.11458  0  6.77143  0  0.180134  0  4.22917  0  0  5.35208  -0.0333333  0  -0.307143  0  1.14021  0.0666667  0  1.70559  -0.555556  0  0.486111  -2.55785  0  -1.75  2.1929  0  0  0  -0.0388889  2.45  0  0  0  0  -2.14815  2.64286  5.17037  0  104.868  0  0.333333  -8.2332  0  -1.63333  0.119048  0  0  0  0  0  0  -0.4  20.6815  0  2.16056  -0.843798  6.06627  0  1.87963  0 
 0  0  2.625  0  -1.09375  0  0  0  -0.116667  0  -0.31746  0  0  0  0  0.648148  0  0  0  0  0  0.0833333  0  0  0  0.259259  0  0.166667  0  -1.25  2.5  0  -0.535714  0.555556  0  0  0  0.0833333  1.17627  0  -0.729167  0  0  0  0  0  1.45833  0  0  -0.0291667  0  0  0.714286  0  1.77249  0  0  0.588134  -1.11111  0  0.972222  -0.590829  0  0  0.756173  0  0  0  0  0  0  0  0  0  -0.740741  -0.714286  1.85185  0  15.75  0  0.666667  -0.366406  0  0  0.238095  0  0  0  0  0  0  0  7.40741  0  -2.22222  0.455614  10.6349  0  0.648148  0 
 0  0  0  0  0  0  0  0  0  0  0  0  0  0  0  0  0  0  0  0  0  0  0  0  0  0  0  0  1  0  0  0  0  0  0  0  0  0  0  0  0  0  0  0  0  0  0  0  0  0  0  0  0  0  0  0  0  0  0  0  0  0  0  0  0  0  0  0  0  0  0  0  0  0  0  0  0  0  0  0  0  0  0  0  0  0  0  0  0  0  0  0  0  0  0  0  0  0  0  0 
 0  0  0  0  0.875  0  0  -2.1  0  0  0  0  0  0  0  0  0  0  0  0  0  0  0  0  0  0  0  0  0  1  0  0  0  0  0  0  0  0  -1.5  0  0  0  0  0  0  0  0  0  0  0  0  0  0  0  0  0  0  0  0  0  0  0  0  0  0  0  0  0  0  0  0  0  0  0  0  -0.466667  0  6.3  0  0  0  0.328125  0  0  0  0  0  0  0  0  0  0  0  0  0  0  0  0  0  0 
 0  -3.83333  1.85714  -1.37143  0  0  0  -4  4.26667  -1.6  0  0  1.6  0  0  0  0  0  0  -4.6  1.6  0  0  0  -2.13333  0  0  0  1.4  0  1  0.266667  0  0  0  0  -1  5.65714  0  -4  0  0  -3.77143  0  -0.592619  0  0  0  0  1  0  0  0.685714  0  0  0  0  0  0  0  0  -0.888889  0  0  0  0  0  0  0  1  0  0  0  0  0  0  0.426667  0  11.1429  0  0  -1.5  0  -0.666667  0  0  0  -1.6  0  0  0  0  1.70667  0  -5.392  -0.121905  0.8  0  0  0 
 0  0.595238  0.351996  0  0  0  0  -4  -2.28571  0  1.39942  0  0  0  0  -2.85714  0  -2.5  -0.714286  0.714286  0  0.761905  0  -0.714286  0  -5  0.198413  0  3.96404  0  0  0.642857  0  0  0  -1  0  0.761905  -5.18519  0  0.119048  0  0  0.119048  -0.259354  0  0  0  1.6  3.21429  -1  0  1.58172  0  -0.466472  3.66508  -0.357143  -2.59259  0  0.357143  0  0.155491  0  -0.0832986  -3.05556  -0.714286  -0.291545  -0.714286  -1.16667  0  2.04082  -2.64762  -1.7551  0  3.26531  0.238095  -8.16327  0.714286  7.68341  0  0  0  0  0  0.204082  -2.28571  1.6  0  -0.5  0  -0.178571  -12.119  -32.6531  0  8.68871  2.07321  -0.953492  0  -2.85714  -1.6 
 0  2.66667  -4.0002  0  0  -2.88  0  0  8.96  0  6.4898  0  0  0  0  -12.8  0  -11.2  0  3.2  1.8  -2.98667  0  0  0  -22.4  0.888889  0  -1.95918  0  0  -1.6  1  0  0  -4.48  0  -2.98667  -29.2296  0  0.533333  0  0  0.533333  0.666667  0  0  0  0  0  0  0  -0.9596  0  -2.0898  -0.08  7.68  -14.6148  0  1.6  0  0.696599  0  -0.373178  -13.6889  0  -1.30612  0  0  0  9.14286  0  4.48  0  15.1429  2.66667  -36.5714  3.2  -38.8812  0  0  0  0  0  0.914286  8.96  -0.36  0  -2.24  0  -0.8  18.6667  -146.286  0  44.5574  9.28798  -13.6583  3.24  -12.8  0 
 0  0  3.375  0  -1.96875  0  0  0  1.05  0  -0.571429  0  0  0  0  1.16667  0  0  0  0  0  -0.75  0  0  0  0.466667  0  -1.5  0  -2.25  4.5  0  0  1  0  0  0  -0.75  2.11728  0  -1.3125  0  0  0  0  0  2.625  0  0  0.2625  0  0  0  0  3.19048  0  0  1.05864  -2  0  1.75  -1.06349  0  0  1.36111  0  0  0  0  0  0  0  0  0  -1.33333  0  3.33333  0  20.25  0  1.2  -1.13203  0  0  0  0  0  0  0  0  0  0  13.3333  0  -4  0.820106  19.1429  0  1.16667  0 
 21  -1.62222  7.09493  0.190476  -1.3125  0  0  4.82778  -7.3  1  -6.38587  0  0  3.5  0  11.4444  0  10  0  -2.66667  0  2.43333  0  0  1.33333  18.9778  -0.740741  0  -2.49735  -1.5  3  1.16667  -1.125  0  1  17.7333  0  4.90952  16.7695  0  -0.652778  0  -1.65079  -0.444444  0.77328  0  1.75  -2.8  -1.5  0  -0.201058  0  -2.72319  0  4.01134  -3.35935  0  9.25977  0  -1.33333  0.675  -0.837113  -2  0.310982  12.3148  0  1.08844  1.25  -0.234568  0  -7.61905  3.375  -4.23333  -0.9  -14.0794  -2.22222  34.9317  -5.06667  50.7821  0  -0.9  -0.492188  0  -0.111111  -1.2619  -7.3  -1.38272  0  1.86667  0  0.666667  0.444444  139.727  22.0429  -42.7285  -7.75198  22.641  0.150794  11.4444  1.61111 
 0  0.694444  2.65964  0  -1.96875  -0.526749  0  -25.3333  25.3333  0  -0.933233  0  0  0  0  2.81276  0  0  0  0.833333  10.1333  0  0  0  1.18519  1.06161  0  0  -0.133333  -2.25  2.62698  -0.0507937  1.625  0  0  1  -6.33333  -16.2857  5.10463  -25.3333  6.31713  0  10.8571  0  -0.0295635  0  6.3287  -0.2  0  12.3333  -0.0634921  0.444444  4.43469  0  3.45923  0.126984  0.737997  2.55232  -1.25926  0  2.8035  -6.7827  0  0  3.28155  0  0  0  0.666667  6.86243  0  0  0  0  -3.21458  0  7.79941  0  16.1483  0  0  -10.2383  0  -4.22222  1.5  0  0  1.85185  0  0  0  -0.761905  31.1976  1.6  3.35309  -0.306611  20.6792  0  2.81276  0 
 0  -1.83333  2.10704  0  0  0  0  1  -9.8381  0  -4.25663  0.714286  0  -0.714286  0  8.8  0  6.91667  0  -2.2  -1.6  1.94603  0  0  0  15.4  -0.611111  0  3.31569  0  0  1.85  0  0  -0.125  -0.0571429  1  4.51746  15.1177  4  -0.366667  0  -1.71429  -0.366667  -0.458333  0  0  0.571429  1.2  -1  -0.75  0  1.87401  0  1.41888  3.64167  0  7.98519  0  -1.1  0  0.41593  0  0.25656  9.41111  0  0.897959  0  -0.875  -1  -6.28571  -2.7  -2.8  0  -9.93214  -1.83333  24.8304  -2.2  21.4601  0  0  1.5  0  0.666667  -0.628571  -5.8381  1.2  0  1.4  0  0.55  -8.63333  99.3214  -4.57143  -32.9332  -6.30612  10.4079  0  8.8  -1.2 
 0  0  -1.16667  -0.285714  0  -0.518519  0  -1.61667  -0.233333  -1.5  -0.764952  0  0  0  0  1.62037  0  0  0  0  0.234375  -0.944444  0  0  -0.833333  -1.46123  0  0  0  0  0  0.25  0  0  0  0  0  69.1429  0.753172  0  6.51042  0  -45.4286  0  0.142857  0  3.64583  0  0  -0.0583333  0  0  0  5.83333  0.26455  -1.75  1.38272  0.376586  0.729167  -8.75  1.03704  -0.0881834  -52.5  0  0.484182  0  0  0  0.729167  0.520833  0  0  0  0  -1.78489  0  4.7963  3.6  -7  -9.375  0  0.0875  5.83333  0.166667  0  0  0  1.82292  0  0  0  0  19.1852  0  -58.7556  -1.2234  1.5873  0  1.62037  -0.166667 
 0  0  0.141669  0.1935  0  0  0  4.7806  0  1.01587  -3.42857  -4.57143  0  0  0  0  0  0  0  0  0  0  0  0  1.3545  0  0  0  -1.26984  0  0  -0.169312  0.359788  0  0  0  0  -0.0435374  6.50265  0  2.20106  0  0.0290249  0  -0.2322  0  0  0  0  0  0  0  -2.90768  0  1.14286  1.18519  0  -0.677249  0  0  0  -0.380952  0  0  0  0  0  0  0  0  0  0  0  0  -8  2.59683  19.7291  -6.6381  0.850016  0  0  0  0  -0.0112875  -0.761905  0  0  0  0  0  0  0  78.9164  22.8571  -23.2057  -5.00197  6.13152  0  0  1.02716 
 0  0  0  0  0  0  0  1  0  0  0  0  0  0  0  0  0  0  0  0  -0.4  0  0  0  -8  0  0  0  0  0  0  0  0  0  0  0  0  1.46939  -5.625  1  0  0  -0.979592  0  1.37143  0  0  0  0  0  0  0  0  0  0  0  0  -2.8125  0.214286  0  0  0  0  0  0  -0.119048  0  0  0  0  0  0  -0.102041  0  0  0  1.6  0  -4.5  0  0  -0.142857  0  0  0  0  0  0  0  0  0  18  6.4  0  -3.06286  -0.457143  0  0  0  0 
 0  0  0.0154951  0.021164  0  0  0  0.369753  0  0.111111  0  -0.5  0  0  0  0  0  0  0  0  0  0  0  0  0.148148  0  0  0  -0.138889  0  0  -0.0185185  0.0393519  0  0  0  0  -0.0047619  0.601852  0  0.240741  0  0.0031746  0  -0.0253968  0  0  0  0  0  0  0  -0.318027  0  0  0.12963  0  -0.0740741  0  0  0  0  0  0  0  0  0  0  0  0  0  0  0  0  0  0.25  -0.0296296  -0.266667  0.0929705  0  0  0  0  -0.00123457  -0.0833333  0  0  0  0  0  0  0  -0.118519  2.5  0.0868783  0.00846561  -0.0793651  0  0  0.112346 
 0  -0.694444  43.4286  0  -25.1719  0.75532  0  -91.2381  91.2381  0  -6.54523  0  0  0  -0.142857  12.4558  0  0.222222  0  -0.940476  36.4952  0  0  0  -1.18519  5.0458  13.3333  0  -0.0809524  -28.7679  43.4087  -23.9492  42.2455  0  0.333333  5.28571  -22.8095  -58.6531  13.6049  -91.2381  -15.4942  1  39.102  8  0.0295635  0  28.0255  -1.05714  0  16.8095  0.0634921  -0.444444  -21.1289  0  29.7241  -0.126984  -1.34752  11.3025  -9.81217  0  8.1965  -30.1832  0  -0.0408163  33.1984  0  -0.142857  0  0.833333  23.3519  1  0  0  0  -14.2352  40  35.8249  0  260.381  0  -1  -43.6537  0  -15.2063  6.68452  0  0  1.89815  0  0  -12  -7.2381  143.3  8.45714  2.65689  6.27768  178.298  -0.228571  12.4558  0 
 0  0  -0.0135468  4.96614  0  0  0  14.4084  0  -0.177778  -0.448375  0.8  0  0  0  0.0987654  0  0.518519  0  0  -6  0  0  0  -0.237037  0.0395062  0  0  0.176304  0  0  0.0296296  -0.062963  0  0.777778  0  0  -1.49238  -2.14483  15  -0.496296  0  0.994921  0  2.7073  0  0.222222  0  0  0  -0.380952  0  0.486353  0  -0.0727639  -0.158025  0  0.208139  0  0  0  0.0242546  0  -0.00874636  0.115226  0  -0.0306122  0  -0.444444  0.031746  0.214286  0  0  0  0.509347  -0.4  -1.22596  0.426667  -0.0812809  0  0  0  0  0.00197531  -4.15238  0  0.222222  1  0  0  3.75  2.5  -4.90384  -4  1.40478  0.30985  -0.335838  0.0357143  0.0987654  -0.179753 
 0  0  -2.55664  -0.10582  0  0.75  0  -2.47377  4.95833  -0.555556  -4  -0.5  0  7  0  0  -0.75  0  0  0  0  -1.65278  0  0  -11.2407  0  1.66667  0  0.501587  0  0  -2.90741  0.740741  0  0  28  0  -33.4102  1.49074  0  -13.7037  0  21.1716  1  18.0341  0  0  -5.6  0.75  0  -2.28571  0  0.340136  0  0  -0.185185  -2  0.37037  0  2.95312  -1.5  1  17.7188  0  2.33333  0  0  0  -2.66667  0  0  0  0  0  0  5  2.24815  1.33333  -20.918  2.95312  0  0  -1.96875  -0.493827  1.71429  4.95833  2.08333  0  0  0  -1.5  -1  8.99259  47.3  14.7644  4.60767  0.396825  1.71429  0  -0.811728 
 0  0  -0.234505  0.021164  -0.984375  -0.75  0  0.369753  0  0.111111  0.269841  -0.5  0  0  0  0.583333  0  0  0  0  0  0  0  0  0.148148  0.233333  0  0  -1.93889  -1.125  -0.25  -0.0185185  0.0393519  0  0  0  0  -4.96395  0.993827  0  -0.415509  0  3.3093  0  0.974603  1  1.3125  0  0  7.5  0  0.555556  -0.318027  0  1.59524  0.108796  1.16667  0.455247  -1  0  0.875  -0.531746  3.85714  0  0.680556  0  0  0  0  0  0  0  0  0  -0.666667  0.25  1.63704  -0.266667  -1.40703  0.642857  0  -0.369141  -0.428571  -0.00123457  -0.0833333  0  -0.09375  0  0  0  0  0  6.54815  2.5  1.94402  0.418519  9.49206  0.84375  0.583333  0.112346 
 0  0  -0.25  0  -0.984375  -0.75  0  0  0  0  0.269841  0  0  0  0  0.583333  0  0  0  0  0  0  0  0  0  0.233333  0  0  0  -1.125  -0.25  0  0  0  0  0  0  -4.95918  0.391975  0  -0.65625  0  3.30612  0  0  1  1.3125  0  0  7.5  0  0.555556  0  0  1.59524  -0.0208333  1.16667  0.529321  -1  0  0.875  -0.531746  3.85714  0  0.680556  0  0  0  0  0  0  0  0  0  -0.666667  0  1.66667  0  -1.5  0.642857  0  -0.369141  -0.428571  0  0  0  -0.09375  0  0  0  0  0  6.66667  0  1.85714  0.410053  9.57143  0.84375  0.583333  0 
 0  4.55026  -6.69446  -0.497166  0  -0.0555556  0  -2.81313  15.5514  -2.61012  11.4189  0  0  0  0  -21.2232  0  -19.1111  0  5.46032  0  -5.2838  0  0  -3.35516  -37.975  1.51675  -0.375  -3.25121  0  0  -2.29514  -0.142857  0  0  -7.64444  0  -3.9815  -38.5162  0  -0.525339  0  -0.868197  0.910053  -2.3825  0  1.39062  0  0  0.628125  0.585034  0  -1.59243  -0.142857  -3.46501  -3.32931  0.0856481  -19.2581  0.078125  2.73016  0.111111  1.155  -0.142857  -0.619279  -22.637  0  -2.16748  -0.125  0.760665  0.198661  15.6009  0.166667  7.64444  0  24.2551  4.55026  -59.9667  11.7246  -57.3668  0  1.84286  -0.0984375  0  0.290013  1.56009  15.2889  -0.34127  0.195312  -3.82222  0  -1.36508  -0.910053  -239.867  0  72.0619  15.2083  -22.6479  -0.438776  -21.2232  -0.290013 
 0  0  -0.103301  -0.141093  0  0  0  -0.465021  0  -0.740741  0  -0.666667  0  0  0  0  0  0  0  0  0  0  0  0  -0.987654  0  0  0  0.925926  0  0  0.123457  1.23765  0  0  0  0  -3.05397  1.98765  0  -1.60494  0  2.03598  0  0.169312  0  0  1  0  3.375  0  0  0.120181  0  0  -2.1142  -0.375  0.493827  0  0  0  0  0  0  0  -0.75  0  -0.75  0  0  0  1  -0.642857  0  0  -0.0416667  0.197531  1.77778  -0.619803  0  0  0  0  -0.79177  -0.111111  0  0  0  0  0  0  0  0.790123  3.33333  1.82081  -0.0564374  0.529101  0  0  0.0510288 
 0  -0.4  -10.7695  0  4.15625  0  0  -43.0333  42.8667  0  2.73016  0  0  7  0  -5.57407  0  0  0  0  16.2133  -0.777778  0  0  0  -2.22963  0  0  0.42  4.75  -9.5  0  -3.6625  0  0  29.6  -10.1333  -26.8349  -10.1159  -40.5333  6.27083  0  17.3714  0  -0.1  0  -12.5417  -5.92  1  10.1333  0  0  15.7557  0  -7.24339  3.03472  0  -5.05796  -4.6  0  2.8  -5.59295  0  0  -6.50309  0  0  0  -1.4  9.13333  0  -2.25  0  0  6.37037  0  -15.9259  0  -67.2421  0  0  -13.6414  0  -6.75556  5.18333  2.33333  1  -3.5  0  0  0  0  -63.7037  47.36  39.2338  0.526161  -43.2203  0  -5.57407  -1 
 0  0  2.75  0  0  0  0  0  -1  0  0  0  0  0  0  0  0  0  0  0  0  1.83333  0  0  0  0  0  0  0  0  0  0  0  0  0  0  0  -43.0595  0  0  0  0  28.9286  0  0  0  0  0  0  1  0  0  0  -4.5  0  0  0  0  0  5.625  0  0  33.75  0  0  0  0  0  0  0  0  0  0  0  0  0  0  -3  17.625  5.625  0  -1.5  -3.75  0  0  -1  0  0  0  0  0  0  0  0  33.75  -2  0  0  0  0 
 35  -3.7037  5.51139  0.31746  0  0  0  1.7963  -14.1111  1.66667  -10.0082  0  0  0  0  17.7778  0  16.6667  0  -4.44444  0  4.7037  0  0  2.22222  31.1111  -1.23457  0  2.72109  0  -0.6  1.94444  -3.75  0  1.66667  6.22222  0  8.83069  25.5967  0  0.37037  0  -2.75132  -0.740741  1.0388  0  0  0  0  0  -0.035097  0  1.33278  0  3.14059  3.38788  0  14.2567  0  -2.22222  1.125  -1.04686  -3.33333  0.518303  19.0123  0  1.81406  2.08333  -0.0409465  0  -12.6984  0  -7.05556  -1.5  -21.9841  -3.7037  54.5159  -8.44444  48.0433  0  -1.5  0  0  -0.185185  -1.26984  -14.1111  0.195473  0  3.11111  0  1.11111  4.34074  218.063  -0.595238  -69.1298  -13.8312  20.3984  0.251323  17.7778  0.185185 
 0  0  -4.14082  0  0  -1.18519  0  0  0  0  -0.814059  0  0  0  0  3.7037  0  0  0  0  0  0  0  0  2.66667  1.33862  0  0  -0.3  0  -4.21429  -0.114286  0  0  0  0  0  0  6.72154  0  17.1667  0  0  0  -0.457143  0  8.33333  0  0  13.5  -0.142857  1  -0.146939  0  0.604686  0.285714  1.66049  3.36077  1.66667  0  2.37037  -0.201562  0  0  4.32099  0  0  0  1.5  1.19048  0  0  0  0  -4.2328  0  10.0487  0  -24.4163  0  0  0  0  0  0  0  0  4.16667  0  0  0  -1.71429  40.1947  0  -11.9556  -2.53511  3.45669  0  3.7037  0 
 0  -0.666667  -2.04852  0  0  0  0  -12  0  0  -1.35306  0  0  0  0  3.2  0  -0.333333  0  -0.8  0  0  0  0  0  5.6  -0.222222  0  8.3648  0  0  3.4  0  0  -0.5  0  0  0  6.68241  0  -0.133333  0  0  -0.133333  -0.166667  0  0  0  4.8  0  -3  0  5.09704  0  0.45102  14.5667  0  2.9037  0  -0.4  0  -0.15034  0  0.0932945  3.42222  0  0.326531  0  -3.5  0  -2.28571  -10.8  0  0  -3.15714  -0.666667  7.89286  -0.8  -3.29113  0  0  0  0  0  -0.228571  0  4.8  0  0  0  0.2  -35.8667  31.5714  0  -12.3394  -2.00454  7.48601  0  3.2  -4.8 
 0  0  0.824101  0  0  0  0  0  -1.33333  0  0  4  0  -4  0  0  0  0  0  0  0  0.444444  0  0  0  0  0  0  -0.642857  0  0  0  1  0  0  -16  0  -0.84127  -6  0  0  0  0.857143  0  0  0  0  3.2  0  0  0  0  -0.314869  1  0  0  0  0  0  0  0  0  1  -0.122449  0  0  -0.428571  0  0  0  0  0  0  0  0  0  0  0  6.44461  0  0  0  0  0  0  -1.33333  0  0  0  0  0  0  0  -25.6  1.22041  0  -0.367347  0  0  0 
 0  0  1.5  0  -0.65625  0  0  0  0  0  -0.190476  0  0  0  0  0.388889  0  0  0  0  0  0  0  0  0  0.155556  0  0  0  -0.75  1.5  0  0.5625  0  0  0  0  0  0.705761  0  -0.4375  0  0  0  0  0  0.875  0  0  0  0  0  -0.75  0  1.06349  0  0  0.352881  0  0  0  -0.354497  0  0  0.453704  0  0  0  0  0  0  0  0  0  -0.444444  0  1.11111  0  9  0  0  -0.246094  0  0  -0.25  0  0  0  0  0  0  0  4.44444  0  -1.33333  0.273369  6.38095  0  0.388889  0 
 0  0  1  0  0  0  0  0  0  0  0  0  0  0  0  0  0  0  0  0  0  0  0  0  0  0  0  0  0  0  1  0  0  0  0  0  0  0  0  0  0  0  0  0  0  0  0  0  0  0  -0.5  0  0  0  0  1  0  0  0  0  0  0  0  0  0  0  0  0  -0.583333  0  0  0  0  0  0  0  0  0  7.5  0  0  0  0  0  0  0  0  0  0  0  0  -6  0  0  0  0  0  0  0  0 
 0  0  0  0  0  0  0  0  0  0  0  0  0  0  0  0  0  0  0  0  0  0  0  0  0  0  0  0  0  0  0  0  0  0  0  0  0  0  0  0  0  0  0  0  0  0  0  0  0  -9  0  0  0  0  0  0  1  0  0  0  0  0  0  0  0  0  0  0  0  0  0  0  0  0  0  0  0  0  0  0  0  0  0  0  0  0  0  0  0  0  0  0  0  0  0  0  0  0  0  0 
 0  0  0.25  -0.285714  0  0  0  -1.61667  0  -1.5  0  0  0  0  0  0  0  0  0  0  0  0  0  0  -2  0  0  0  0  0  0  0.25  2  0  0  0  0  0.642857  2  0  -1  0  -0.428571  0  0.342857  0  0  0.666667  0  0  0  0  0  0  0  -1.75  0  1  0  0  0  0  0  0  0  0  0  0  0  0  0  0  0  0  0  0  0.4  3.6  1.5  0  0  0  0  0.166667  0  0  0  0  0  0  0  0  1.6  0  -0.98  -0.114286  0  0  0  -0.166667 
 0  0  -2.25  0  0.984375  0  0  -0.4  0  0  0.285714  0  0  0  0  -0.583333  0  0  0  0  0  0  0  0  0  -0.233333  0  0  0  1.125  -2.25  0  0  0  0  0  0  0  -1.34436  0  0.65625  0  0  0  0  0  -1.3125  0  0  0  0  0  0  0  -1.59524  0  0  -0.529321  1  0  -0.875  0.531746  0  0  -0.680556  0  0  0  0  0  0  0  0  0  0.666667  -0.0888889  -1.66667  1.2  -13.5  0  0  0.369141  0  0  0  0  0  0  0  0  0  0  -6.66667  0  2  -0.410053  -9.57143  0  -0.583333  0 
 0  1.66667  -55.4381  -0.142857  0  -1.8  0  71.1042  -70.3333  -0.75  6.66837  3.375  0  -7  0  -13.3333  0  -7  0  2  -28.315  -1.08889  0  0  -1  -16.1333  0.555556  0  -0.28699  0  -54  -0.875  -0.265625  0  0  -30.8  18.4  20.5433  -32.01  73.6  4.70833  0  -14.4214  0.333333  0.588095  0  -12  5.6  0  -18.4  0  0  1.54693  0  -2.17687  -0.925  4.8  -13.4738  0  1  0  7.19229  0  5.76676  -14.7778  0  -0.816327  0  0  -8.4  5.71429  0  2.8  0  15.5595  -0.0208333  -37.8952  3.8  -339.303  0  0  27.6  0  5.60833  1.13393  3.26667  -0.225  0  -1.4  0  -0.5  11.6667  -151.581  -61.675  28.7477  9.61784  -13.2252  2.025  -13.3333  -0.758333 
 0  0  1.70443  0.0705467  0  -0.5  0  3.61346  -3.30556  0.37037  0  0.333333  0  -4.66667  0  0  0  0  0  0  0  1.10185  0  0  0.493827  0  0  0  -0.462963  0  0  -0.0617284  -0.493827  0  0  -18.6667  0  12.6  -0.993827  0  9.80247  0  -7.66544  0  -0.0846561  0  0  3.73333  0  0  0  0  -0.226757  0  0  0.432099  1.33333  -0.246914  0  -1.96875  1  -0.666667  -11.8125  0  0  0  0  0  0  0  0  0  0  0  0  0  -0.0987654  -0.888889  13.9453  -1.96875  0  0  1.3125  -0.956496  0  -3.30556  0  0  0  0  0  0  -0.395062  -31.5333  -8.66576  -3.47178  -0.26455  0  0  1.32687 
 0  0  52.9379  0.142857  0  0  0  -71.1042  75.9333  0.75  -2.61224  -3.375  0  7  0  5.33333  0  0  0  0  29.44  -0.777778  0  0  1  2.13333  0  0  -0.9375  0  54  -0.125  0.265625  0  0  28  -18.4  -22.4099  13.7415  -73.6  -4.375  0  14.4214  0  -0.171429  0  12  -5.6  0  18.4  0  0  -2.14668  0  0.870748  0.875  0  4.33951  0  0  0  -6.75692  0  -6  6.22222  0  0  0  0  8.4  0  0  0  0  -6.09524  1.6875  15.0381  -1.8  315.003  0  0  -27.6  0  -5.60833  -0.5625  2.33333  0  0  0  0  0  0  60.1524  61.675  -0.899286  -3.81285  4.68878  0  5.33333  0.758333 
 0  0  20  -36  0  4.11211  0  0  0  0  13.6782  0  0  0  0  -4.85034  0  0  0  0  -2.4  0  0  0  -0.612245  -0.340136  0  -1.71429  0  0  20  0  1  0  0  0  0  38.3878  6.45679  0  -3.94133  0  -25.5918  0  -71.895  -8  -1.91327  0  0  -60  10.2857  -4.44444  0  0  -0.138831  0.551111  -4.29896  3.2284  -0.382653  0  -0.544218  0.046277  -29.8571  0  -0.992063  0  0  0  11.6173  -0.273324  0  0  0  0  0.286103  0  -2.30709  0.714286  126.4  -5.14286  32.4  0  3.42857  0  0  0  2.48  -0.956633  0  0  0  -25.6  -9.22838  0  -27.0886  0.582041  -0.832986  -12.0343  -0.85034  0 
 0  0  -9.01743  -0.0238095  0  0  0  11.8507  -12.2667  -0.125  0.435374  0.5625  0  0  0  -0.888889  0  0  0  0  -4.90667  0  0  0  -0.166667  -0.355556  0  0  0.15625  0  -9  0.0208333  -0.0442708  0  0  0  3.06667  3.60536  -2.29025  12.2667  0.729167  0  -2.40357  0  0.0285714  0  -2  0  0  -3.06667  0  0  0.357781  0  -0.145125  -0.145833  0  -0.723251  0  0  0  1.29282  0  1  -1.03704  0  0  0  0  -1.4  0  0  0  0  1.01587  -0.28125  -2.50635  0.3  -54.1046  0  0  4.6  0  0.934722  0.09375  0  0  0  0  0  0  0  -10.0254  -2.8125  0.149881  0.635475  -0.781463  0  -0.888889  -0.126389 
 0  0  2.29821  5.14286  -1.09375  0  0  -0.35  -0.625  0  17.6825  0  0  0  0  1.21958  0  0  0  0  0  0.208333  2  0  47.25  2.75926  -12.5  0.244898  2.1  -1.25  2.5  23.3  0  0  0  0  0  37.4539  2.48182  0  -8.22917  0  -24.8304  -7.5  -80.1  -1.77778  1.45833  0  0  0  10.2857  0  1.02857  0  1.77249  -1.33333  0  1.36591  -1.11111  -0.703125  0.972222  -0.590829  -4.21875  0  -15.7438  0  0  0  12  0  0  0  0  0  -0.740741  -37.5778  -7.59815  1.05  14.4924  -0.703125  0  -0.410156  0.46875  0  -12.8571  -0.625  -6  0  0  0  11.25  7.5  -28.3926  0  10.929  1.90561  11.8349  -7.71429  0.648148  0 
 0  2.38095  1.40798  0  0  0.336508  0  -16  -9.14286  0  5.59913  0  0  0  -0.222222  -11.4286  0  -10  -2.85714  2.69048  0.0119048  3.04762  0  -2.85714  -18.6667  -20  0.793651  0  15.8562  0  0  2.57143  0  0  0  -4  0  6.47619  -20.7804  0  0.47619  0  -2.28571  0.47619  2.16259  0  0  0  6.4  8.35714  -4  0  6.32689  0  -1.86589  16.3265  -1.82593  -10.3902  0  1.42857  0  0.621963  0  -0.333195  -12.2222  -1.85714  -1.16618  -1.85714  -4.66667  0  8.16327  -11.9238  -6.16327  0  13.0646  1.45238  -28.9197  2.85714  30.7019  0  0  0  0  0  0.816327  -9.14286  6.39762  0  -2  0  -0.714286  -48.3492  -115.679  0  27.6082  7.22617  -3.81397  -0.334127  -11.4286  -6.4 
 0  1.60714  0.530612  0  0  0  0.333333  -0.0952381  -0.142857  0.857143  0.0136054  0  -0.857143  0  0  0.555556  0  0  0  1.92857  0.0380952  1.33333  0  0  1.14286  0.222222  1.14286  0  0.75  0  -1.28571  -0.142857  0.571429  0  0  0  0  -50.6939  -0.158436  -0.0952381  -0.625  0  33.7959  0  0.205867  0  1.25  0  0  3.85714  0  0.285714  0.367347  -4  0.0907029  -0.259259  -0.428571  -0.0792181  0  6  0  -0.0302343  36  0.285714  0.648148  0  1  0  0  0.178571  0  0  0  0  -0.634921  3.42857  1.35873  0  3.18367  6  0  0  -4  0  0  0  -1.16667  0  0  0  0  0  5.43492  0  37.541  -0.337818  0.972789  1.16667  0.555556  0 
 0  0  1.5  0.857143  0  0.444444  0  4.85  -2.1  4.5  0.680272  0  0  0  0  -1.38889  0  0  0  0  0  1.5  0  0  5  -0.555556  0  3  0  0  0  -0.75  0  0  0  0  0  -0.428571  -2.52058  0  -3.4375  0  1.28571  0  -0.857143  0  -3.125  0  0  -5.025  0  0  0  0  -0.226757  6.91667  -0.685185  -1.26029  -0.625  0  -0.888889  0.0755858  0  0  -1.62037  0  0  1  -0.625  -0.446429  0  -1.33333  0  0  1.5873  0  -4.96825  -10.8  9  0  0  0.7875  0  -0.5  0  0  0  -1.5625  0  0  0  0  -19.873  0  7.4619  1.29352  -1.36054  0  -1.38889  0.5 
 0  0  5.35714  0  -2.34375  0  0  28.9524  -28.9524  0  -1.76871  0  0  0  0  3.61111  0  0  0  0  -11.581  0  0  0  0  1.44444  0  0  0  -2.67857  5.35714  0  2.08036  0  0  -1.14286  7.2381  18.6122  6.5535  28.9524  -4.0625  0  -12.4082  0  0  0  8.125  0.228571  0  -7.2381  0  0  -10.3929  0  4.161  0  0  3.27675  3.28571  0  -2  5.04686  0  0  4.21296  0  0  0  1  -6.52381  0  0  0  0  -4.12698  0  10.3175  0  32.1429  0  0  9.97824  0  4.8254  -3.46429  0  0  2.5  0  0  0  0  41.2698  -1.82857  -26.8571  -0.63618  24.966  0  3.61111  0 
 0  -0.236111  1.80708  -0.514286  0  1.92  0  -12  8.68667  -0.6  1.94286  0  0.6  0  0  -4.26667  0  -3.73333  -1.06667  -0.283333  3.6  1.13778  0  -1.06667  -0.8  -7.46667  0.296296  0  2.52464  0  0  -0.433333  -0.9  0  0  -1.49333  -3  -3.49079  -7.74321  -12  0.177778  0  3.08571  0.177778  -0.531409  0  0  0  0  7.8  0  0  1.89918  0  -0.696599  -1.72444  -5.65333  -3.8716  0  0.533333  0  -2.43447  0  -0.124393  -4.56296  -1.06667  -0.435374  -1.06667  0  4  3.04762  1.42222  -2.62095  0  4.53333  -0.844444  -12.0305  1.06667  14.6825  0  0  -4.5  0  -2  0.704762  -3.41333  0.24  -0.6  -0.746667  0  -0.266667  -0.177778  -48.1219  0  17.5471  3.05028  -3.36388  -2.16  -4.26667  0 
 0  0  0.302478  0  0.984375  0.978571  0  0  0  0  -0.269841  0  0  0  -0.142857  -0.583333  0  0  0  -0.107143  0  0  0  0  0  -0.233333  13.3333  0  -0.214286  1.125  0.25  -24  0  0  0  0  0  4.95918  -0.391975  0  8.65625  0  -3.30612  8  0  -1  -1.3125  0  0  -7.5  0  -0.555556  -0.104956  0  -1.59524  0.0208333  -1.77619  -0.529321  1  0  -0.875  0.531746  -3.85714  -0.0408163  17.9861  0  -0.142857  0  0  0  1  0  0  0  0.666667  40  -1.66667  0  1.81487  -0.642857  0  0.369141  0.428571  0  13.7143  0  0.09375  0  0  0  -12  -8  -6.66667  0  -1.78367  -0.410053  -9.69388  -1.07232  -0.583333  0 
 0  0  0  0  0  0  0  0  0  0  0  0  0  0  0  0  0  0  0  0  0  0  0  0  0  0  0  0  0  0  0  0  0  0  0  0  0  0  0  0  0  0  0  0  0  0  0  0  0  0  0  0  0  0  0  -1.25  0  0  0  0  0  0  0  0  0  0  0  0  0  0  0  1  0  0  0  0  0  0  0  0  0  0  0  0  0  0  0  0  0  0  0  0  0  0  0  0  0  0  0  0 
 0  0  0.47449  -5.25  0  0  0  0  4.33333  0  -0.556311  -7  0  7  0  -0.583333  0  0  0  0  0.75  -1.44444  0  0  0  -6.75  0  -0.25  1.125  0  2.91667  0  -10.5  0  0  28  0  6.59127  -5.25  0  0  0  -5.35714  0  0  -1.16667  0  -5.6  0  -8.75  0  -0.648148  0.55102  -1.75  0  0.259259  0.972222  -7.875  0  0  2.625  0  -6.25  0.214286  -4.5  0  0.75  0  0  0  0  0  1  -3.5  0.214286  0  0  0  -2.02806  -2.75  0  0  0.5  0  0  4.33333  1.16667  0  0  0  0  0  0  44.8  -6.63571  0  0.642857  0  0  0 
 0  0  -0.322721  2.82245  -0.28125  0  0  0  0  0  0.0773135  0  0  0  0  0.480272  0  0  0  0  -0.214286  0  0.514286  0  0  2.25238  -1.28571  0.134402  0.54  -0.321429  -0.190476  2.52  2.5  0  0  0  0  -1.65306  4.80247  0  -0.958929  0  1.10204  -0.771429  0  -0.12381  0.375  0  0  2.5  0  0.185185  0.26449  0  0.455782  -0.0740741  -0.277778  2.40123  -0.285714  0  -0.5  -0.151927  1.28571  2.1  -0.319841  0  0  0  0  0  0  0  0  1  -0.251701  -3.85714  0.47619  0  -1.93633  0.785714  -10.8  -0.105469  -0.142857  0  -1.32245  0  -0.333333  0  0  1.2  1.15714  0.771429  1.90476  0  0.529143  0.117158  3.04327  0  0.166667  0 
 0  0  -0.0177087  -0.0241875  0  0  0  -0.422575  0  -0.126984  0.428571  0.571429  0  0  0  0  0  0  0  0  0  0  0  0  -0.169312  0  0  0  0.15873  0  0  0.021164  -0.0449735  0  0  0  0  0.00544218  -0.687831  0  -0.275132  0  -0.00362812  0  0.0290249  0  0  0  0  0  0  0  0.36346  0  -0.142857  -0.148148  0  0.0846561  0  0  0  0.047619  0  0  0  0  0  0  0  0  0  0  0  0  1  -0.285714  -2.46614  0.304762  -0.106252  0  0  0  0  0.00141093  0.0952381  0  0  0  0  0  0  0  -9.86455  -2.85714  2.90071  0.625246  -0.76644  0  0  -0.128395 
 0  0.196759  -1.5059  0.428571  0  -1.6  0  0  2.76111  0.5  -1.61905  0  -0.5  0  0  3.55556  0  3.11111  0.888889  0.236111  1  -0.948148  0  0.888889  0.666667  6.22222  -0.246914  0  -2.10386  0  0  0.361111  0.75  0  0  1.24444  0  -3.51958  6.45267  0  -0.148148  0  1.71429  -0.148148  0.442841  0  0  0  0  -4  0  0  -1.58265  0  0.580499  1.43704  4.71111  3.22634  0  -0.444444  0  -0.1935  0  0.103661  3.80247  0.888889  0.362812  0.888889  0  0  -2.53968  -1.18519  2.18413  0  -3.77778  0.703704  10.0254  -0.888889  -12.2354  0  0  0  0  0  -0.587302  2.84444  -0.2  0.5  0.622222  0  0.222222  0.148148  40.1016  0  -9.62262  -2.5419  2.80323  1.8  3.55556  0 
 0  -3.125  2.08036  -1.42857  0  0  0  -3.21429  0.569444  -1.66667  0  -0.875  1.66667  0.875  0  0  0  0  0  -3.75  0  0.791667  0  0  -2.22222  1.33333  0  0  0.791667  0  0  0.277778  0  0  0  3.5  0  13.4334  2.69522  0  0  0  -9.02041  0  0.456845  0  0  -0.7  0  -3  0  0  0.714286  -2.66667  0  0  0.333333  0.691358  0  0  0  0  0  0  0.888889  0  0  0.666667  0  0  0  0  0  0  0  0  1.44444  0  12.154  0  0  0  0  1.28571  0  0.291667  0  -1.66667  0  0  0  0  5.77778  5.6  -12.7571  -0.412698  0.833333  0  0  -1.28571 
 0  0  -6.06215  -0.0705467  0  0.335238  0.833333  -1.47061  4  -0.37037  0.58309  1.66667  0  0  0.0285714  -1.19048  0  0  0  0.0214286  0.0952381  -4  0  0  -1.35097  -0.47619  -2.66667  0  3.00582  0  0  4.86173  -0.131173  0  0  0  0  56.5397  -7.08333  -0.238095  -7.92033  0  -38.582  -1.6  0.231595  0  -2.67857  0  0  -4  0  0  1.08108  8  -0.194363  -0.432099  -0.893968  -2.29167  -0.535714  -7.5  -0.761905  0.0647878  -45  0.00816327  -5.12222  0  0.0285714  0  -0.535714  -0.382653  -0.2  0  0  0  1.36054  -8.83333  -3.13117  13.8889  -40.8729  -7.5  0  6  5  0.00411523  -2.46508  4  0  -1.33929  0  0  2.4  1.6  -12.5247  -8.33333  -41.4284  8.78664  -0.877141  0.0457143  -1.19048  -0.374486 
 0  -0.892857  0.690442  0  0  0.6  0  6  -0.304762  0  -1.65525  0  0  -11.2  0  3.28571  0  3.75  1.07143  -1.07143  -0.375  0.101587  0  1.07143  0  5.75  -0.297619  0  -3.29913  0  0  -0.964286  -2  0  0  -43.3  0  0.101587  5.21296  0  -0.178571  0  0  -0.178571  0.389031  0  0  8.96  -2.4  -4.82143  1.5  0  -1.07612  0  0.536443  -5.48095  -1.06429  2.60648  0  -0.535714  0  -1.77881  0  0.0957934  3.41667  1.07143  0.335277  1.07143  1.75  0  -2.34694  3.97143  2.63265  0  -3.86224  -0.357143  9.38776  -1.07143  0.985512  0  0  0  0  0  -0.306122  -0.304762  -2.325  0  0.75  0  0.267857  14.1786  37.551  -71.68  -10.512  -2.38419  1.96318  -0.675  3.28571  2.4 
 0  0  -8.16667  -2  0  -3.62963  0  -11.3167  -1.63333  -10.5  -5.40058  0  0  0  0  11.3426  0  0  0  0  1.26562  -6.61111  0  0  -5.83333  -6.85359  0  0  0  0  0  1.75  0  0  0  0  0  484  8.77221  0  45.5729  0  -318  0  1  0  25.5208  0  0  -0.408333  0  0  0  40.8333  1.85185  -12.25  9.67901  4.3861  5.10417  -61.25  7.25926  -0.617284  -367.5  0  5.63927  0  0  0  5.10417  3.64583  0  0  0  0  -12.6014  0  33.5741  25.2  -49  -64.625  0  0.6125  40.8333  1.16667  0  0  0  12.7604  0  0  0  0  134.296  0  -411.289  -8.56379  11.1111  0  11.3426  -1.16667 
 0  0  0  0  0  0  0  0  0  0  0  0  0  0  0  0  0  0  0  0  0  0  0  0  0  0  0  0  0  0  0  0  0  0  0  0  0  0  0  0  0  0  0  0  0  0  0  0  0  0  0  0  0  0  0  0  0  0  0  0  0  0  0  0  0  0  0  0  0  0  0  0  0  0  0  0  0  0  0  0  1  0  0  0  0  0  0  0  0  0  0  0  0  0  0  0  0  0  0  0 
 0  0  0  0  0  0  0  0  0  0  0  0  0  0  0  0  0  0  0  0  0  0  0  0  56  0  0  0  0  0  0  0  0  0  0  0  0  -10.2857  0  0  0  0  6.85714  0  -9.6  0  0  0  0  0  0  0  0  0  0  0  0  0  -1.5  0  0  0  0  0  0  0.833333  0  0  0  0  0  0  0.714286  0  0  0  -11.2  0  0  0  0  1  0  0  0  0  0  0  0  0  0  0  -44.8  0  21.44  3.2  0  0  0  0 
 0  0  -6.67619  0  0  0.333333  0  1.07143  10  0  0  0  0  0  0  0  0  -12.5  0  0  0  -3.33333  0  -0.333333  -4.66667  0.666667  0  0  1.4  0  -1.33333  0.533333  0  0  0  -5  0  9.09524  0  0  0  0  -8.28571  0  0.8  0  0  0  0  0  0.666667  0  0.685714  0  0  -1.59259  -0.888889  0  0  -1.5  0  0  -9  0  0  0  0  0  0.777778  0  0  0  5  0  0  0  0.933333  0  -53.3071  -1.5  0.333333  0  1  0  0  10  -1.16667  0  -2.5  0  0  8  3.73333  0  -11.2667  -0.266667  0.8  0.833333  0  0.428571 
 0  0  0.139456  0.690476  0  0  0  2.57778  0  1  0  0  0  0  0  0  0  0  0  0  -0.6  0  0  0  1.33333  0  0  0  -1.25  0  0  -0.166667  -1.33333  0  0  0  0  3.42857  -1.33333  1.5  0.666667  0  -2.28571  0  -0.228571  0  0  0  0  0  0  0  -0.612245  0  0  1.16667  0  -0.666667  0  0  0  0  0  0  0  0  0  0  0  0  0  0  0  0  0  0  -0.266667  -2.4  0.836735  0  0  0  0  0.888889  -0.428571  0  0  0  0  0  0.375  0.25  -1.06667  0  -1.9181  0.0761905  -0.714286  0  0  0.111111 
 0  -1.14286  0.690979  0  0  0  -0.642857  0.183673  0  0  0  0  0  0  0  0  0  0  -0.326531  0  -0.0734694  0.761905  0  -0.326531  0  0.342857  0  0  1.84517  0  0  0.274286  -2.25  0  0  0  0  -26.449  2.25  0.183673  0  0  17.6327  0  -0.285714  0  0  -2.85714  0  -9.64286  0  0  3.90376  -1.42857  0  3.57143  1.07143  1.125  0  3.42857  0  0  20.5714  -0.104956  0  2.14286  -0.367347  2.14286  0  0  0  -2.85714  1.83673  0  0  1.07143  0  1  4.14587  3.42857  0  0  -2.28571  0  1  0  0  0  0  0  0  0  0  0  19.9388  0.571429  1.05438  0  0  0 
 0  0  -0.5  0  0  0  0  0.666667  1  0  0  0  0  0  0  0  0  0  0  0  -0.266667  -0.333333  0  0  -5.33333  0  0  0  0  0  0  0  0  0  0  0  0  -8.03231  -3.75  0.666667  0  0  5.13265  0  0.914286  0  0  0  0  0  0  0  0  0  0  0  0  -1.875  0.142857  1.125  0  0  6.75  0  0  -0.0793651  0  0  0  0  0  0  -0.0680272  0  0  0  1.06667  0  -7.125  1.125  0  -0.0952381  -0.75  0  0  1  0  0  0  0  0  12  4.26667  0  4.7081  1.69524  0  0  0  0 
 0  0  2  0  0  0  0  0  -4  0  0  0  0  0  0  0  0  5  0  0  0  1.33333  0  0  0  0  0  0  0  0  0  0  0  0  0  2  0  1.33333  0  0  0  0  0  0  0  0  0  0  0  0  0  0  0  0  0  0.222222  0  0  0  0  0  0  0  0  0  0  0  0  0  0  0  0  -2  0  0  0  0  0  16.5  0  0  0  0  0  0  -4  1  0  1  0  0  0  0  0  0  0  0  -1  0  0 
 0  -1.28571  8.29234  1.66667  0  0  -0.723214  5.20663  0  0  -0.731167  0  0  0  0  0.131687  0  0.691358  -0.367347  0  -2.08265  5.85714  0  -0.367347  -0.777778  0.438389  0  0  2.01459  0  0  0.308571  -2.53125  0  1.03704  0  0  -203.684  0.955423  5.20663  -0.148148  0  135.789  0  0.700794  0  0.296296  -3.21429  0  -10.8482  -0.126984  0  4.36174  -16.6071  0.169648  4.03432  1.20536  1.38512  0  26.3571  0  -0.0565494  158.143  -0.129738  0.153635  2.41071  -0.454082  2.41071  -0.148148  0.042328  0.285714  -3.21429  2.06633  0  -1.18754  1.20536  3.1244  1.125  49.7541  26.3571  0  0  -17.5714  0  -0.303571  0  0.0740741  1.33333  0  0  1.25  0.833333  12.4976  0  153.592  -0.155579  2.16908  -0.238095  0.131687  0 
 0  -1.5  4.91456  0  0.8  -0.293537  0  -0.803571  -9.04  0  -3.59317  0  0  0  0  7.33605  0  11.3  1.8  -1.8  0  3.01333  0  2.05  3.59796  12.6544  -0.5  0  -3.46255  0  0  0.9  0  0  0  4.52  0  2.37048  13.3136  0  0.330612  0  0.428571  -0.3  0.0367784  0  0.306122  0  0  -8.1  0  0  -0.789121  0  1.19772  3  1.68277  6.65679  0.0612245  -0.9  0.0870748  -0.399241  0  0.19312  7.85873  1.8  0.675918  1.8  0.0612245  0.0437318  -4.73143  -2.4  -2.97714  0  -8.38406  -0.6  20.2406  -1.91429  39.6574  0  -0.25  0.3  0  0  -0.514286  -9.04  0  0.153061  2.26  0  0.45  0.3  80.9623  0  -23.2363  -5.11762  6.2657  -0.23  7.33605  -0.321429 
 0  0  0.42551  1.10204  -0.234375  0  0  0  0  0  -0.0680272  0  0  0  0  0.261338  0  0  0  0  0  0  0.428571  0  0  0.269841  -1.07143  0.0524781  0.45  -0.267857  0.535714  2.1  0  0  0  0  0  0  0.252058  0  -0.799107  0  0  -0.642857  0  -0.380952  0.3125  0  0  0  0  0  0.220408  0  0.379819  0  0  0.126029  -0.238095  0  0.208333  -0.126606  0  1.75  -1.33796  0  0  0  0  0  0  0  0  0  -0.15873  -3.21429  0.396825  0  2.55306  0  -9  -0.0878906  0  0  -1.10204  0  0  0  0  1  0.964286  0.642857  1.5873  0  -0.630476  0.0976316  2.53605  0  0.138889  0 
 0  0  0  0  0  4.8  0  0  0  0  -0.367347  0  0  0  0  0  0  0  0  0  -3  0  0  0  -0.75  0  0  0  0  0  0  0  0  0  0  0  0  0  0  0  0  0  0  0  0.128571  0  0  0  0  3.9375  0  0  0  0  0  0.133333  -13.2375  0  0  0  0  0  0  0  0  0  0  -0.875  0  0  0  0  0  0  -0.857143  0  0.15  0  0  0  0  0  0  0  -8  0  0.6  0  0  0  7  4  0.1  0  -0.18  -0.0428571  0  -5.4  0  0 
 0  0  -0.333333  0  0  0  0  -1.42857  0.666667  0  0  -2  0  2  0  0  -0.571429  0  0  0  0  -0.222222  0  0  0  0  0  0  -0.146939  0  0  0  0  0  0  8  0  -0.222222  3  0  0  0  0  0  0.0816327  0  0  -1.6  0.571429  0  0  0  0  0  0  0.126984  0  0  0  0  0  0  0  0  0  0  0  0  0  0  0  0  0  0  0  0  0  0  -2.75  0  0  0  0  0  -1.71429  0.666667  0.571429  0  0  0  1.5  1  0  12.8  0  0  0  0  0  -0.571429 
 0  0  0  0  0  0  0  0  0  0  0  0  0  0  0  0  0  0  0  0  0  0  0  0  0  0  0  0  0  0  0  0  0  0  0  0  0  0  0  0  0  0  0  0  0  0  0  0  0  0  0  0  0  0  0  0  0  0  0  0  0  0  0  0  0  0  0  0  0  0  0  0  0  0  0  0  0  0  0  0  0  0  0  0  0  0  0  0  0  0  0  0  1  0  0  0  0  0  0  0 
 0  -6.22222  8.15387  0.533333  0.328125  -0.48  0  3.01778  -20.9067  2.8  -15.8966  0  0  0  0  29.6722  0  26.1333  0  -7.46667  0.3  6.96889  0  0  3.73333  52.1889  -2.07407  0  4.42143  0.375  -0.75  3.26667  0.233333  0  0  10.4533  0  5.46889  52.8496  0  0.840972  0  1  -1.24444  3.40444  0  -0.4375  0  0  0  -0.8  0  2.1656  0.233333  4.34444  3.35704  1.28  26.4248  0.333333  -3.73333  -0.291667  -1.44815  0.233333  0.842177  31.7139  0  2.94762  0  -0.933333  0  -21.3333  0  -10.4533  0  -33.8254  -6.22222  84.0311  -14.1867  71.6432  0  -2.52  0.123047  0  -0.311111  -2.13333  -20.9067  0.406667  0  5.22667  0  1.86667  4.44444  336.124  1  -101.187  -21.5953  28.5932  1.14  29.6722  0.311111 
 0  1.5873  0.344336  0  0  0  0  0  -2.74603  0.47619  1.64021  0  -0.47619  0  0  -3.02469  0  -2.91667  -0.833333  1.90476  0  0.888889  0  -0.833333  7.63492  -5.70988  0.866402  0  1.97888  0  -0.714286  -0.496032  0.31746  0  0  -1.16667  0  -2.8458  -5.48925  0  -0.208333  0  2.4898  0.138889  -1.38821  0  0.694444  0  0  5.89286  0  0.15873  0.549424  0  -0.493827  -1.53292  -0.654762  -2.74463  0  0.416667  0  0.164609  0  0.0615484  -3.20473  -0.833333  0.21542  -0.833333  0  0.0992063  2.38095  1.11111  -2.04762  0  3.45679  2.18254  -10.169  0.833333  5.06601  0  0  0  0  0  0.238095  -2.66667  -0.648148  0  -0.583333  0  -0.208333  -0.138889  -40.6758  0  14.7229  2.63107  -2.32197  0.648148  -3.02469  0 
 0  0  1.411  0  -0.738281  0  -1.125  0.321429  0  0  -0.214286  0  0  0  0  0.4375  0  0  -0.571429  0  -0.128571  0  0  -0.571429  0  0.775  0  0  1.12905  -0.84375  1.6875  0.48  0.632812  0  0  0  0  0  4.73148  0.321429  -0.492188  0  0  0  0  0  0.984375  0  0  0  0  0  -0.290747  1.5  1.19643  0  0  2.36574  0  0  0  -0.39881  0  -0.183673  0.510417  0  -0.642857  0  0  0  0  0  0  0  -0.5  0  1.25  0  8.46599  0  0  -0.276855  0  0  -0.28125  0  0  0  0  0  0  0  5  0  -1.8871  1.30754  7.82374  0  0.4375  0 
 0  0  0.738095  0  0  0  0  0  -2.33333  0  0  0  0  -7  0  0  0  0  0  0  0  0.777778  0  0  0  0  0  0  1.75  0  0  0  0  0  0  -28  0  0.777778  0  0  0  0  0  0  0  0  0  5.6  0  0  0  0  0.857143  0  0  0  0  0  0  0  0  -1  0  0  0  0  0  0  0  0  0  0  0  0  0  0  0  0  7.05357  0  0  0  0  0  0  -2.33333  0  0  0  0  0  0  0  -44.8  -0.6  0  1  0  0  0 
 0  0  0.226561  0.126984  0  0  0  3.91852  -0.357143  4.66667  10.2857  0  0  0  0  0  0  0  0  0  0  0.119048  0  0  33.2222  0.857143  -4.28571  0  -0.64966  0  0  6.93651  -0.888889  0  0  0  0  23.6879  -1.0842e-19  0  1.53968  0  -15.7126  -2.57143  -46.8381  0  0  0  0  0  5.87755  0  -0.318201  0  0  4.68254  0  -5.42101e-20  0  -0.401786  0  0  -2.41071  0.0349854  -5.42857  0  0.122449  0  6.85714  0  -0.857143  0  0  0  0  -12.8571  -6.64444  -11.2  1.76115  -0.401786  0  0  0.267857  0.592593  -4.40816  -0.357143  -3.42857  0  0  0  3.85714  2.57143  -25.4349  0  7.86472  1.18413  -0.371234  -3.40816  0  0.0740741 
 0  0.892857  0.49051  0  0  0  0  -6  -3.42857  0  1.60933  0  0  0  0  -3.28571  0  -3.75  -1.07143  1.07143  0  1.14286  0  -1.07143  0  -5.75  0.297619  0  6.09913  0  0  0.964286  2  0  0  -1.5  0  1.14286  -3.96296  0  0.178571  0  0  0.178571  -0.389031  0  0  0  2.4  4.82143  -1.5  0  2.44755  0  -0.536443  5.49762  -0.535714  -1.98148  0  0.535714  0  0.178814  0  -0.0957934  -3.41667  -1.07143  -0.335277  -1.07143  -1.75  0  2.34694  -3.97143  -2.63265  0  3.7551  0.357143  -9.38776  1.07143  11.3002  0  0  0  0  0  0.306122  -3.42857  2.4  0  -0.75  0  -0.267857  -18.1786  -37.551  0  9.55202  2.38419  -0.363182  0  -3.28571  -2.4 
 0  0  0  0  0  0  0  2.5  0  0  0  0  0  0  0  0  0  0  0  0  0  0  0  0  0  0  0  0  0  0  0  0  0  0  0  0  0  -3.85714  0  0  0  0  2.57143  0  0  0  0  0  0  0  0  0  0  0  0  0  0  0  0  0  0  0  0  0  0  0  0  0  0  0  0  0  0  0  0  0  0  0  0  0  0  0  0  -1  0  0  0  0  0  0  0  0  0  0  3  0  0  0  0  1 
