0 0
1 10
2 20
3 30
4 40
5 50
6 60
7 70
8 80
9 90
10 100
11 110
12 120
13 130
14 140
15 150
16 160
17 170
18 180
19 190
20 200
21 210
22 220
23 230
24 240
25 250
26 260
27 270
28 280
29 290
30 300
31 310
32 320
33 330
34 340
35 350
36 360
37 370
38 380
39 390
40 400
41 410
42 420
43 430
44 440
45 450
46 460
47 470
48 480
49 490
50 500
51 510
52 520
53 530
54 540
55 550
56 560
57 570
58 580
59 590
60 600
61 610
62 620
63 630
64 640
65 650
66 660
67 670
68 680
69 690
70 700
71 710
72 720
73 730
74 740
75 750
76 760
77 770
78 780
79 790
80 800
81 810
82 820
83 830
84 840
85 850
86 860
87 870
88 880
89 890
90 900
91 910
92 920
93 930
94 940
95 950
96 960
97 970
98 980
99 990
100 1000
101 1010
102 1020
103 1030
104 1040
105 1050
106 1060
107 1070
108 1080
109 1090
110 1100
111 1110
112 1120
113 1130
114 1140
115 1150
116 1160
117 1170
118 1180
119 1190
120 1200
121 1210
122 1220
123 1230
124 1240
125 1250
126 1260
127 1270
128 1280
129 1290
130 1300
131 1310
132 1320
133 1330
134 1340
135 1350
136 1360
137 1370
138 1380
139 1390
140 1400
141 1410
142 1420
143 1430
144 1440
145 1450
146 1460
147 1470
148 1480
149 1490
150 1500
151 1510
152 1520
153 1530
154 1540
155 1550
156 1560
157 1570
158 1580
159 1590
160 1600
161 1610
162 1620
163 1630
164 1640
165 1650
166 1660
167 1670
168 1680
169 1690
170 1700
171 1710
172 1720
173 1730
174 1740
175 1750
176 1760
177 1770
178 1780
179 1790
180 1800
181 1810
182 1820
183 1830
184 1840
185 1850
186 1860
187 1870
188 1880
189 1890
190 1900
191 1910
192 1920
193 1930
194 1940
195 1950
196 1960
197 1970
198 1980
199 1990
200 2000
201 2010
202 2020
203 2030
204 2040
205 2050
206 2060
207 2070
208 2080
209 2090
210 2100
211 2110
212 2120
213 2130
214 2140
215 2150
216 2160
217 2170
218 2180
219 2190
220 2200
221 2210
222 2220
223 2230
224 2240
225 2250
226 2260
227 2270
228 2280
229 2290
230 2300
231 2310
232 2320
233 2330
234 2340
235 2350
236 2360
237 2370
238 2380
239 2390
240 2400
241 2410
242 2420
243 2430
244 2440
245 2450
246 2460
247 2470
248 2480
249 2490
250 2500
251 2510
252 2520
253 2530
254 2540
255 2550
256 2560
257 2570
258 2580
259 2590
260 2600
261 2610
262 2620
263 2630
264 2640
265 2650
266 2660
267 2670
268 2680
269 2690
270 2700
271 2710
272 2720
273 2730
274 2740
275 2750
276 2760
277 2770
278 2780
279 2790
280 2800
281 2810
282 2820
283 2830
284 2840
285 2850
286 2860
287 2870
288 2880
289 2890
290 2900
291 2910
292 2920
293 2930
294 2940
295 2950
296 2960
297 2970
298 2980
299 2990
1000110101010 21