150
911 275 629 -894 -359 -356 -156 -730 396 -996 -540 -331 -363 -653 662 550 -666 927 -737 -29 -924 -900 -736 -826 -748 -883 -808 436 -284 300 -392 820 980 -724 -834 -664 273 -627 -817 -892 740 669 -134 351 367 368 -196 1000 -864 875 -660 -436 -788 357 557 -604 -592 -767 -682 -139 89 -745 -699 774 799 474 -733 667 437 378 -99 -458 160 -19 173 270 104 120 -156 -771 415 -84 130 -249 229 990 124 233 544 942 -868 -115 315 179 389 102 -274 779 -775 -858 -756 293 -767 -18 863 514 -859 -119 745 -934 -295 817 -278 -154 -115 111 924 -36 -901 -444 -263 7 -87 642 -560 -170 -672 104 278 704 939 -559 -797 891 680 430 -324 -103 675 -980 -920 -424 -597 -984 2 -953 -530 945 -867 -887 
407 -347 -41 -411 -244 623 -175 -665 -817 364 -75 711 -425 -108 217 400 -24 697 -504 63 241 -628 -343 31 488 905 746 538 -140 804 -933 915 313 -741 825 -751 194 299 -110 -643 -493 -306 177 887 -617 -924 -817 225 -380 -982 516 -314 -295 -666 -114 529 -808 794 714 -291 229 -65 836 -791 586 -237 -253 -867 735 -229 447 -222 435 -977 779 3 877 -117 318 839 -115 607 821 222 -762 -384 -964 779 -700 -666 23 849 107 -154 558 520 520 172 -486 909 123 897 492 44 987 -745 -502 339 101 -510 347 -806 823 723 601 -406 -593 336 -592 461 -293 -215 210 138 628 -447 -600 -47 418 530 84 683 -390 -38 945 -962 828 980 149 -462 -803 -562 246 -11 -944 694 -862 -392 -460 -928 
-609 562 953 335 -797 448 980 -954 535 -529 -43 -837 160 279 -383 8 576 -690 -689 -559 521 -961 850 765 617 -212 -773 -872 227 197 552 -598 165 -254 -211 -537 345 942 -241 751 -229 921 721 701 -739 75 905 525 494 -476 -281 -709 -610 -90 909 355 -595 469 -163 104 -981 -77 381 -61 -813 307 868 -835 -984 -480 -549 -978 387 486 -180 -908 247 -51 306 333 882 589 -440 -833 -39 491 -140 97 -102 435 -491 875 -383 674 -341 133 -332 -786 -999 -921 121 470 179 141 -398 -672 -278 626 -696 -529 427 -234 -482 -184 916 498 -894 -946 364 690 573 -400 299 -964 776 981 411 725 814 844 977 535 -776 -257 277 43 -536 609 -419 109 493 -692 -381 -258 -4 972 160 -957 301 -467 
798 -88 -816 307 -764 -49 469 -589 373 -96 -773 944 -501 -6 615 -972 -424 -926 266 -810 844 -909 657 953 -933 613 879 -361 -652 -101 594 -638 895 227 821 465 -410 -683 792 -657 370 754 592 -522 -880 -216 168 353 -710 -245 353 -46 191 -120 252 -764 468 -490 304 982 -152 -799 838 533 840 187 -765 -780 -914 558 -552 -718 -29 -158 -824 776 -640 -172 -795 -141 -94 -218 -958 -214 494 989 135 338 -781 -160 338 502 932 -613 668 40 -448 -950 -771 -868 -443 276 -190 -923 -571 -142 511 -402 852 -252 -693 -695 -631 3 -262 -836 90 53 -849 866 -78 158 -915 -495 204 514 -331 -993 -347 416 -462 -473 -543 618 781 252 -953 701 414 918 -733 -187 72 750 -760 779 219 -864 -623 -28 
881 -832 -983 960 886 213 -859 629 -300 -254 872 -660 62 368 -836 900 -714 -255 -290 227 147 626 -667 291 -608 786 -332 32 301 -228 -460 262 399 562 -917 -78 96 -522 -226 650 883 132 -981 -744 -727 -867 499 -366 303 33 494 675 -277 285 -889 866 975 305 -463 282 474 213 -755 -564 843 294 356 -245 483 -23 322 -989 873 562 358 147 509 173 575 -221 -499 269 -789 757 735 -10 -281 -831 -406 -58 -784 -266 233 63 87 669 302 19 -453 377 -963 39 -772 985 958 744 -765 775 -691 -675 -492 -769 115 -546 880 -324 -666 -665 58 413 -842 943 -136 270 -381 -809 -54 194 -205 881 226 -374 -15 -775 -924 -627 824 550 407 -11 916 -621 -875 -166 -626 53 995 -562 864 -992 
239 -440 -735 467 -439 0 -522 321 555 -783 764 -533 250 212 475 792 -411 927 322 -450 -968 770 -153 121 -858 -612 -434 901 726 560 236 -55 -611 -125 -761 -613 753 821 348 -639 709 429 240 -422 -835 -683 -520 364 465 -34 626 -956 -407 -409 -461 -792 732 -618 -446 460 -732 828 545 -243 -683 295 605 742 882 6 493 -609 828 747 -413 -43 -299 954 126 -71 -460 997 -696 496 -536 -404 18 -190 901 -915 -133 -833 -874 31 933 -263 -875 -774 -625 -809 -889 59 409 706 450 -205 -332 -144 567 957 331 592 946 695 -414 233 679 416 -414 -530 98 -472 152 467 37 171 344 636 101 -7 317 304 781 172 -531 601 -21 -961 -528 -788 -396 -470 66 39 -335 -955 -648 -623 -272 873 
362 30 -372 -863 -372 -603 -363 -821 682 270 43 -249 97 236 -117 297 983 -450 -19 -727 497 -784 -368 -595 247 -374 330 -304 792 359 117 549 -155 686 -57 201 -272 262 -545 -58 -758 -76 -967 955 175 -825 -864 454 466 609 -97 197 246 692 946 850 -643 -181 -202 -562 -38 739 -698 -371 782 -614 -525 277 28 -245 151 -406 -452 183 -334 -927 197 -608 -231 -66 650 868 -250 -969 107 528 303 770 335 106 876 -32 906 -41 -240 80 -321 409 -264 775 489 -182 -267 -806 -749 -363 -981 169 616 -679 -562 936 992 -49 334 620 464 -667 175 -581 578 308 -326 151 364 700 723 -723 -65 -456 518 -790 -659 -32 -897 -709 -546 -462 -935 403 -690 -340 861 -286 -532 -648 987 -513 674 818 
-778 229 998 -844 -714 391 967 214 220 983 462 -38 -171 885 -963 373 381 989 -515 -278 -621 -216 852 -663 -720 -378 677 593 -690 676 -617 -414 709 848 558 816 -413 -206 -781 -275 -141 674 110 368 24 -914 -962 -368 -207 587 626 368 -616 -475 -213 -762 563 -725 -485 54 -278 841 -577 -189 -635 -29 264 182 -511 -916 -883 442 -111 -238 797 -749 -61 -454 656 426 -999 363 -228 933 -59 -672 -386 259 854 705 572 550 171 -753 693 -526 -337 892 -915 538 -115 842 -186 368 -57 -243 566 189 -982 -431 -219 284 919 -959 -226 -346 -771 -615 630 946 294 -859 -567 313 -805 843 984 223 570 698 -612 564 713 289 577 621 377 933 501 841 849 108 527 949 635 459 755 74 -434 708 
-654 405 813 -827 -196 -292 788 -815 -209 368 -690 -992 -877 -408 -644 111 193 753 -524 -637 240 -546 -168 781 879 251 241 882 373 -911 890 -132 502 774 591 389 -717 -123 -586 -3 -120 424 -659 -638 -39 -134 876 -990 -338 -368 -894 -963 -819 -819 964 -32 -449 445 255 -640 273 846 -944 982 -500 628 -637 292 125 356 -418 645 -925 446 420 802 806 -405 -413 -320 81 -349 -652 815 142 -704 -886 471 -26 321 856 -24 962 749 911 307 375 113 -539 62 376 159 102 -376 780 107 868 -181 165 -900 -501 803 -117 875 192 359 106 -473 10 -712 -593 682 -911 -866 -848 574 -181 723 -143 -189 -369 -735 264 160 321 -749 59 -324 -460 -360 961 912 -516 825 696 -10 264 142 -156 -528 
381 67 -439 -555 -678 -432 923 -351 26 153 -276 -86 147 -867 193 -475 221 804 638 -546 -936 435 500 354 823 -596 381 970 -124 -583 681 -59 -776 76 -886 46 557 907 -509 -926 -871 790 -676 -968 988 687 -135 835 -594 -905 -845 -676 323 -132 625 -948 357 -546 348 377 -849 -853 -847 -699 551 -667 -293 -628 -560 -929 -37 -282 376 -225 -383 269 19 548 -990 -503 570 470 321 -679 -395 -475 -512 -998 -246 -319 -79 622 -840 353 -383 -47 462 -615 995 -954 -758 208 -614 -737 -734 638 378 -151 -231 57 325 157 -389 639 265 -34 725 365 882 991 -268 730 10 -44 -587 219 82 -33 643 -328 322 455 115 444 313 -187 -7 -839 -786 952 351 589 -525 -245 -809 346 -910 -928 832 724 
-434 -286 846 -777 676 -799 -787 349 -89 789 -451 627 -720 247 359 -730 -566 417 320 -580 554 426 164 130 -871 230 83 719 -81 -857 65 563 609 81 181 -721 -40 539 685 -622 -521 -339 -358 595 911 953 745 537 -984 -468 -149 630 188 -73 -967 -801 625 305 -713 -298 -768 723 563 239 190 612 855 -101 169 877 -286 -902 687 -421 -243 806 -856 143 584 75 646 -781 699 -894 477 -476 -880 382 816 -943 267 337 -593 343 612 -603 881 147 139 -61 244 -28 -776 -765 -87 -51 385 679 -569 -129 -648 682 476 448 295 -62 -534 -765 -944 352 612 284 267 34 853 257 -448 439 614 -335 -449 454 -316 -887 -193 986 617 -165 -992 -360 390 309 -852 248 -723 978 883 228 279 -962 
947 881 339 -994 623 662 -263 582 -14 331 538 -905 41 726 410 653 -764 310 -42 143 -260 371 -841 879 304 408 442 737 -475 -664 958 -577 803 934 164 623 227 902 423 -850 930 257 -342 838 -731 -444 832 678 15 -71 -996 44 719 114 14 -601 -821 -620 -838 -223 -652 -676 489 -960 -296 -758 -180 131 785 -337 656 -649 -1000 -458 -394 -985 -738 79 372 648 -549 466 246 541 -642 448 781 -782 901 317 -324 -788 -74 217 -185 -426 896 585 815 710 -475 159 446 -74 -130 -655 504 -24 518 -803 -133 -14 -705 -239 69 -577 605 -95 -636 -460 -333 343 813 -759 698 -852 -777 34 -163 -824 345 523 -604 -4 366 775 -178 -553 -546 -208 919 5 -646 -259 -147 766 -661 14 -335 -428 
-301 717 -921 -467 -524 446 902 -768 -746 -599 -399 466 293 32 873 -47 -504 581 -394 940 338 12 -83 -974 325 -394 825 833 -159 -685 -712 328 -88 -27 38 375 391 813 -198 39 289 47 -5 509 -483 -164 -559 -27 976 34 706 5 589 -619 -705 -535 -234 977 962 -330 -873 -639 460 -58 -249 895 128 206 324 -631 479 281 985 411 -26 195 245 660 73 946 817 357 -13 -801 -408 17 267 193 -846 861 214 151 -75 -706 -903 -89 -308 -680 -914 517 166 289 -545 -534 -653 -606 383 -961 -691 -830 562 -183 563 536 302 -142 -561 0 551 -406 -69 454 61 570 -331 191 -38 755 125 -237 -506 214 -18 -119 698 -570 -842 252 476 -356 -667 883 -258 916 -962 288 -400 360 796 -434 
812 979 720 -667 69 590 -539 449 357 662 -737 -791 694 -834 894 -204 759 -882 -86 -224 722 -191 329 101 178 -57 -599 -583 930 -436 -117 -72 674 -941 -13 -902 855 -249 992 755 -427 -558 51 161 724 -420 811 -193 -368 -949 608 -557 -443 268 459 -6 -510 36 -540 138 578 885 449 86 -230 175 -193 865 -982 -814 635 576 491 732 561 294 185 905 -974 164 -880 -324 -671 -833 322 -395 166 245 661 238 -200 -412 -267 -967 833 345 -28 19 979 99 932 -924 -143 -802 -416 402 -979 -79 69 964 438 -572 837 604 -278 717 580 33 -726 -300 530 20 547 -50 504 -887 769 -94 643 102 -333 -339 -578 380 132 313 -804 -478 -464 786 -396 206 750 961 540 392 759 622 247 -621 
-808 -468 -727 582 806 941 -392 234 -996 85 940 494 260 -688 800 -807 -624 -891 -307 -564 -855 534 979 -855 834 48 -43 208 155 355 -505 -851 200 -491 424 738 323 -881 -422 -747 -936 631 186 -929 805 541 759 -864 -265 -999 34 535 97 -302 856 468 -726 -626 893 -247 -655 133 39 394 -523 -440 -195 -213 241 25 -299 -111 83 333 -274 -580 -618 -230 238 433 -369 -824 -220 -73 14 -555 -446 244 -317 691 613 -640 -417 705 973 846 -169 702 -194 614 162 -768 -734 448 791 -581 -991 -308 -571 908 -192 -175 -116 788 570 241 110 -114 -62 -537 725 -197 353 -500 -920 -559 -36 354 -142 557 804 -221 358 517 291 -65 -508 472 982 -40 -673 385 15 150 495 -154 579 -495 861 -755 
55 856 188 980 -742 -292 -173 -108 257 953 797 492 210 -858 -627 269 768 -908 -232 -891 -888 -639 -39 370 676 236 590 -254 -719 -611 -476 -810 284 147 -157 -816 470 -13 -44 -858 283 35 667 141 959 -335 50 910 925 246 972 -146 -34 962 -985 -338 461 854 -863 471 658 429 545 -90 75 792 660 579 -299 75 878 157 584 838 -761 -561 295 -718 -176 -650 843 848 -883 45 -588 570 -254 -421 -47 -508 -989 -509 549 -136 168 -452 -806 -426 260 -606 -280 264 -417 380 954 -902 612 -500 795 -517 25 492 272 -433 261 -704 615 568 -413 -313 -607 -525 -50 317 742 -24 -801 107 518 -684 -283 614 -411 -345 591 915 977 784 126 -18 -567 -229 -832 -716 40 405 -293 -948 17 -756 
-654 363 -71 479 907 -923 -403 77 -909 123 78 -918 -337 892 -96 -986 -17 875 -853 -59 449 788 597 702 -433 915 138 723 400 547 -883 -131 864 161 -606 -3 -342 -755 629 970 468 138 536 215 420 -790 951 432 941 -861 696 904 -918 -176 825 745 -639 953 -329 -570 -192 873 -666 994 -471 -772 -124 644 -278 672 61 -665 -484 -353 407 -339 -768 -883 -270 60 496 873 836 200 135 -201 -22 -385 -873 146 -180 -687 -753 145 -955 131 -877 -630 849 614 826 146 -284 -350 -389 460 944 517 953 -595 11 -236 -855 -961 811 267 -295 213 283 -797 244 472 546 73 631 -836 -481 310 398 -357 588 110 722 276 701 724 887 -259 462 654 600 -384 3 -891 -236 -201 559 -859 -100 -477 
-403 67 -230 750 557 -592 367 890 -374 512 -779 606 -308 -338 -838 878 488 -402 418 -487 37 -54 -268 382 -239 558 -973 198 -35 -751 -623 791 -520 859 282 725 -381 -980 375 -793 -165 -471 -671 -666 357 -176 982 483 916 -767 575 156 69 533 -642 496 508 491 948 112 790 15 319 209 1000 -839 -145 396 634 -805 628 -932 -176 -914 -267 -680 -35 811 623 539 -382 -282 -57 -2 -736 -966 175 61 245 -590 -207 58 923 -76 351 632 -49 -383 -808 529 729 694 -768 -690 954 -518 408 -591 765 -414 -218 -14 918 135 -285 -182 -284 943 992 617 248 -252 -439 -309 -320 -706 -519 -654 281 -322 409 -471 -961 445 630 -227 570 -757 -800 492 393 943 704 -167 133 -147 -353 616 -165 701 
199 968 -568 346 -27 -942 438 -723 936 618 -531 801 -128 485 -355 -209 468 -700 430 723 -894 624 -944 123 -846 420 290 681 -811 -488 -906 749 844 997 125 403 423 152 -323 -445 909 649 589 586 854 255 -541 -714 460 -741 142 425 -688 28 111 340 -561 -134 -734 -849 663 858 -215 -534 421 408 -232 620 881 465 -89 884 24 27 745 -777 -44 601 397 562 281 87 764 60 176 781 442 -400 -737 769 -126 782 -295 973 -667 535 292 -745 436 -708 171 -360 -635 462 728 285 143 201 6 609 554 -642 -104 -972 -885 621 171 985 -340 -390 -360 640 507 -845 754 78 -574 112 -795 -184 -719 -946 -882 55 -60 -510 218 103 30 583 550 -967 661 -516 20 538 686 -98 56 -742 
-753 957 109 262 896 -271 -835 225 710 -284 -633 535 -81 -843 -599 -145 231 435 -45 422 676 -921 -365 -697 -151 292 648 -343 -748 677 628 76 956 -570 -645 45 -748 380 -526 -825 -337 675 841 217 7 989 -466 -548 727 502 -636 -110 16 803 310 -452 -477 573 92 -76 8 -931 -76 -866 49 494 -683 42 772 999 650 -505 190 383 -223 -532 -896 402 -721 -88 -175 909 810 -748 683 -597 -156 -207 241 726 320 681 996 -618 691 -106 -947 -210 -103 -936 710 453 -343 578 24 -704 -844 578 259 542 -928 -958 785 46 -728 -965 617 -885 -787 566 732 311 -565 -274 344 -97 -434 70 505 -407 -857 -960 -440 -580 -865 -575 -264 598 681 -838 876 -895 -859 -656 185 -801 -775 524 -313 392 
273 -475 793 -647 995 586 959 854 -77 326 890 -295 -536 -227 -916 851 25 -191 114 -63 328 -66 -712 -1000 -72 314 -551 652 881 453 624 778 -856 282 -389 -86 842 -59 -471 527 -953 69 -30 -521 -775 421 482 -88 -44 478 872 500 300 908 193 997 361 777 567 878 170 -366 -350 -867 -197 -503 -220 543 138 -438 -491 820 581 347 -738 -624 987 -103 854 -330 -860 -823 836 -132 -604 481 499 83 116 805 474 -628 401 672 219 133 -849 3 -253 596 -897 316 312 -420 812 92 -794 -977 -817 -545 391 -245 -319 -905 -973 760 -455 -713 598 -574 -277 942 -275 -363 -774 495 -871 -988 -546 992 -603 704 -580 2 -513 -566 561 111 643 730 337 -5 -691 168 -849 -361 575 681 990 905 
33 -390 -162 -397 -129 903 504 216 212 -283 287 -989 -160 -53 -716 104 122 44 304 -668 -251 -115 389 -289 210 -242 -90 -917 -844 72 805 -207 72 423 -496 -301 29 -570 -644 -84 551 214 -36 438 884 -217 -676 -190 -224 607 738 -3 -888 -388 -680 -57 123 -74 -502 -279 -94 478 491 -114 46 -569 467 -907 72 -120 149 301 -960 163 -192 -922 986 616 -302 -174 -431 126 656 996 -740 -496 580 -896 -804 704 1000 -857 -638 578 749 178 -532 714 405 776 -778 149 -553 -353 652 85 -340 -503 -253 988 -183 -169 621 -847 254 -331 219 536 421 -991 452 872 -502 966 238 -384 516 -577 539 -578 -977 -464 88 116 -364 -949 398 462 -684 870 27 872 379 -119 19 80 591 109 670 -814 
620 -148 556 -233 358 -393 -371 6 -301 327 563 847 1000 -565 771 -791 250 599 505 58 927 -255 -416 -149 -627 -301 798 783 -189 -944 -501 -826 842 158 630 549 -450 -809 -550 -729 -108 620 -154 728 -573 -488 890 351 527 476 -240 -576 -621 768 616 697 74 648 680 183 -915 831 -191 -945 -794 846 -153 780 -871 222 539 730 -635 202 -49 -589 -55 914 400 953 -690 -536 444 777 -370 452 322 47 832 811 -484 322 -239 576 295 -631 -282 919 -159 626 -542 -116 -941 212 -550 -500 -401 -682 -428 -523 555 -254 238 -303 6 377 693 660 -851 933 757 490 -514 -452 494 -948 -195 776 91 -960 -227 231 259 36 -393 -231 -609 303 487 887 76 -455 -820 -349 -263 947 367 -6 25 -713 
553 51 37 -226 -212 591 -458 823 -836 -926 -944 -103 -971 -823 120 -764 -913 763 -327 -464 695 311 -651 313 527 629 448 -380 95 -217 796 942 518 511 -910 -932 -627 -761 582 779 -701 208 765 -184 -662 -945 -705 91 -451 862 437 425 377 -271 600 986 -506 834 701 438 -954 -225 761 -415 821 -453 -99 441 -827 -880 -486 296 331 36 -39 970 -271 633 2 -178 -705 405 749 -677 -474 -1 577 -249 400 -493 -851 752 -127 879 979 368 714 -152 -471 855 -395 -179 -926 964 -522 -167 447 709 752 651 950 -511 180 955 93 -146 -123 -937 -929 -86 -325 402 -697 229 -547 -732 -253 -447 -520 -766 137 13 260 452 146 -832 837 -835 784 392 -538 -339 956 945 -604 626 -577 464 998 743 
364 233 -651 444 100 -552 48 209 -643 693 388 837 67 989 121 819 961 143 -524 83 -910 -795 -974 -281 -228 242 103 -251 -117 501 1000 529 889 933 -289 802 481 632 161 -294 -552 557 -419 178 917 847 612 282 -743 -357 -310 -82 -834 928 111 -617 -352 217 924 627 -150 -673 143 429 -331 745 528 -740 763 4 -79 -39 -352 -404 571 -82 -44 506 -493 914 -262 472 328 -418 50 -553 -725 -505 956 -924 -873 147 -859 -724 -983 -211 611 -156 -836 -306 349 663 -666 -374 706 932 -90 852 636 -609 -287 -327 -769 868 -652 975 -990 816 -93 -475 847 -568 7 846 -70 835 436 339 -496 -325 599 694 497 -206 -917 -50 -157 699 848 -592 -444 548 -840 490 -955 198 -650 -64 -827 353 
948 -127 -300 460 591 -734 95 743 -961 -480 -848 -729 435 353 753 931 93 569 -986 790 229 361 231 792 425 -279 994 245 842 -938 -378 -540 -772 332 -592 778 -477 95 -775 -304 -293 114 524 139 628 -774 876 -441 485 797 -54 -114 863 820 -538 -130 -868 -999 -43 -27 204 934 138 -476 -534 -992 55 -535 -147 -210 548 -773 -85 705 523 -845 624 -66 860 -37 -778 -337 435 -545 -747 -988 -922 404 -701 146 -902 639 588 316 -920 333 266 21 -232 -95 -967 887 326 -30 -216 909 600 952 157 -848 -897 456 313 -775 923 720 777 445 724 -754 -784 638 508 706 -284 -503 51 464 -80 -149 -614 -107 688 -870 -110 -518 -529 -155 454 787 -969 891 -953 -193 578 571 -787 900 469 266 
916 -331 -938 717 506 753 -452 -88 -517 -865 825 -298 757 416 588 -912 -837 -491 821 223 -495 954 -473 -594 827 296 663 -193 321 919 886 -612 -486 -396 -869 -867 -2 494 793 -586 -437 186 811 115 152 -355 558 -719 -831 -173 -474 770 -809 123 458 533 -445 422 732 890 -904 -428 416 379 30 522 356 413 -638 -552 162 210 633 595 356 -929 207 258 704 -429 41 540 244 227 646 -342 897 -689 350 273 -512 194 -372 799 -246 -975 578 89 381 -281 956 500 -912 -669 1 -592 -717 -653 -980 -870 405 715 -83 635 -175 764 -769 721 -13 725 -296 446 168 125 -390 92 153 98 619 -703 -128 -656 953 662 -43 -637 -19 23 881 -735 164 -221 427 -918 -318 -264 673 465 -289 229 
-101 9 951 461 370 2 1000 886 -381 -867 739 323 -553 66 637 704 -686 -501 -583 -429 -676 -802 -389 -594 -766 747 602 820 170 922 662 -777 -638 795 165 451 -651 58 -97 791 -480 -966 -64 -202 -463 132 633 204 977 -689 963 -725 188 396 310 -976 556 718 998 -369 894 946 637 376 -173 -171 120 -116 -513 913 -440 -135 727 79 394 878 -702 265 -37 596 100 -626 364 317 143 -785 -988 -517 8 -678 527 -801 575 140 776 117 908 -269 598 629 -288 -398 -551 -935 590 -438 679 -299 112 -432 348 -466 319 -565 858 979 -382 -446 309 107 -678 -224 -978 957 474 -113 769 534 -834 910 662 349 -544 952 554 429 709 862 -266 477 -366 -625 -878 677 -23 -472 765 815 -431 -391 
471 -901 174 19 -395 863 451 -497 -761 -215 -661 -767 -614 552 155 -520 -833 136 -740 -389 -43 -504 32 315 246 179 -160 583 505 -764 -579 -128 280 -749 -377 -175 -169 -577 964 -296 -649 -862 -950 361 -570 403 -687 -71 -986 531 -352 -973 -733 -139 691 640 84 288 -580 680 -711 -579 545 752 25 439 983 -972 -296 -306 -274 577 881 -95 454 346 -3 -844 -442 406 650 -47 781 624 -894 733 116 -504 89 -778 28 -135 885 417 -335 -580 -266 -319 757 197 589 -296 -223 -357 44 -670 -15 -984 571 397 -332 769 655 -4 -487 371 -581 337 -795 191 591 146 -212 -719 -387 -264 371 721 -770 172 -405 683 -681 933 608 -844 -899 412 -851 -991 528 502 315 -500 600 -981 -115 -765 -231 -111 
-293 -537 163 986 -983 -402 950 -1 898 68 724 -360 760 -615 -61 -825 -998 -334 679 143 487 728 -26 366 988 717 304 364 -774 -45 479 571 927 789 942 402 -687 490 -379 -573 347 -923 -154 295 994 861 841 -220 793 659 454 584 -124 -370 -809 41 158 148 -216 332 958 372 314 -960 -460 273 209 -179 908 -592 222 -833 989 786 181 856 -841 -20 -339 647 -768 148 -227 427 127 688 367 783 -277 861 -22 -232 899 -84 52 246 60 125 468 -697 -733 113 -487 -310 -890 -868 -888 679 114 -406 599 -763 405 -449 -398 -701 293 -76 -793 68 -982 461 78 -124 287 488 305 -876 998 162 924 479 -315 -644 -228 -697 199 -543 253 -496 28 872 771 166 608 -757 -582 917 -638 -297 
-527 103 -781 -443 -950 -478 -679 84 62 -206 -237 279 133 -11 261 711 -378 -11 894 119 162 727 218 -147 345 -746 270 -387 -442 -929 -812 -151 -248 640 -451 -777 984 753 -801 -246 838 -715 -905 -545 464 -492 -284 -399 -184 -808 -620 238 991 567 458 -12 -237 268 -361 -361 992 867 -910 -814 -213 -187 -360 402 695 686 574 -569 357 52 -853 -741 91 968 -44 -473 -465 829 -853 408 -306 -295 274 848 126 -393 303 -408 -496 -915 -206 -315 -128 537 207 -451 -896 -972 238 448 -808 -83 658 764 966 -458 766 61 -12 -428 985 557 788 -250 113 -527 231 -315 226 -925 313 941 -130 -796 417 401 487 704 22 109 273 -500 676 694 -193 755 -793 975 -554 591 -155 -306 -576 -44 544 -819 
-840 833 -692 159 -609 718 190 -367 -272 -210 -570 -428 -743 -749 -771 -850 349 33 -347 -589 561 -476 347 98 79 -517 56 -7 623 983 -346 617 -129 646 991 -25 -211 299 542 -203 515 662 165 766 -69 37 -558 271 -976 721 -663 -957 -558 10 344 -683 -358 -914 76 -742 -838 -945 562 30 -973 -239 774 -623 237 471 621 -464 -154 -953 -134 -706 -419 531 -648 253 746 987 547 499 145 -422 324 -309 140 41 -938 -800 699 -947 973 -904 -859 534 633 629 708 973 476 760 -458 -805 609 816 213 464 863 348 352 -922 515 -49 644 -44 277 282 705 -301 225 -418 40 669 465 -464 344 490 164 -843 661 75 -59 194 655 -981 271 861 -196 836 995 -957 746 -834 -320 828 698 93 
162 -56 651 -652 798 -946 -734 -666 -520 -192 -805 -777 -558 -437 734 965 -246 -304 298 -221 957 -149 253 -799 17 -112 823 864 -642 355 42 -428 75 -468 445 -31 -282 -471 927 0 -524 -806 -657 -323 746 235 -52 650 650 742 959 202 -336 114 -933 905 802 442 166 39 -41 -836 814 -963 813 682 286 -104 163 -150 -770 543 -591 -624 -318 635 -596 658 704 -715 272 -301 189 -178 895 -703 903 -609 351 704 812 -86 -819 748 -755 -43 -227 197 -743 -747 -850 468 -107 -469 677 -757 418 440 962 753 -419 -474 -763 315 829 11 -995 171 642 474 144 -693 -45 213 222 94 747 -632 551 768 74 824 529 625 21 224 613 -516 -770 88 -438 -24 -919 -712 730 997 909 -122 -897 281 
-732 586 -328 -116 817 793 -738 609 -782 -110 -333 -324 633 522 -817 111 -860 -504 -142 658 -218 7 -829 -247 -490 -838 799 -852 943 479 170 -378 416 763 -723 -264 -284 -389 193 -444 337 751 -6 50 913 688 6 -95 125 -810 -288 -611 114 252 178 -369 29 -458 406 -353 -363 -926 20 526 943 -278 -277 820 -304 533 997 87 -363 -790 945 -85 -959 78 132 -522 458 -217 -965 758 137 -952 -796 979 -948 -102 521 -279 419 -993 897 659 395 -46 611 -864 849 -324 -695 871 -514 634 -240 -696 400 184 -50 579 -289 565 623 367 29 -779 953 864 79 -701 340 -144 -872 -950 -653 108 826 539 -801 -430 -866 -794 -389 874 126 -622 -869 -583 -993 225 946 27 -760 803 -316 986 -325 475 
-85 107 246 -913 475 779 115 625 992 -296 427 -594 655 964 -417 414 -165 686 -629 -175 79 -371 322 724 -814 -604 238 -634 -839 455 -166 834 368 584 814 650 -741 69 336 197 658 -690 527 508 964 196 -675 518 292 993 -905 -126 -809 -78 -267 -730 530 760 -636 794 897 390 -48 923 94 464 -390 -786 704 895 217 21 13 -760 839 693 689 655 521 -803 125 -375 960 -867 608 63 663 877 -743 14 480 -595 -84 -224 551 85 632 -638 333 354 -771 244 -651 529 -765 -587 793 831 15 244 -227 670 -564 884 -567 536 108 420 22 -251 984 476 -301 362 986 130 -68 768 892 384 -331 -189 -713 -597 48 -883 744 292 874 767 365 -403 -193 -606 -838 -363 137 -477 -883 -416 
876 266 -343 305 -568 -634 165 -904 214 -186 546 -187 -507 603 -316 80 -163 533 -154 696 483 -433 -159 739 486 -19 421 74 486 -850 -457 370 29 -704 -501 493 -350 369 765 856 -968 183 -233 77 -749 -532 -675 415 924 -6 836 -866 -159 596 -385 475 986 596 603 -696 341 516 298 860 995 850 529 460 -828 -688 926 -828 -848 18 664 -703 -364 -84 -695 -246 -875 299 -729 -180 252 -62 463 -202 196 -527 668 -237 786 748 158 -138 -205 977 -717 -291 -217 315 -723 410 -718 391 -678 -876 -504 301 861 746 391 -119 587 -842 53 561 -321 414 -71 153 -843 -955 48 644 686 -248 -986 24 -461 450 -523 645 439 326 -879 -201 528 -936 579 234 293 -99 -687 -362 993 250 314 -289 
509 -414 203 923 -574 -844 -997 424 111 534 -845 -753 -333 -284 862 278 219 -469 -50 -224 -894 -517 -706 -477 968 -914 -943 655 364 983 -942 73 -540 862 217 -887 673 -176 -470 513 -768 553 520 237 -621 994 135 464 -664 31 914 -256 -575 -539 242 -925 -952 -633 891 4 -923 265 -316 184 931 644 488 316 -887 -844 -251 992 771 589 -496 843 344 -184 -940 -727 257 39 -886 -492 -495 926 -74 -839 473 -416 826 -732 884 -939 426 148 392 -154 110 997 -771 421 957 582 -167 -462 -918 -813 -273 -349 686 888 653 -635 -112 -400 -985 827 -155 -116 -795 -951 523 -26 -810 -420 371 -676 717 736 952 -913 -513 -888 408 -785 702 -674 -499 -411 -371 -360 -843 -581 178 -143 979 166 733 588 
454 612 -636 -257 592 467 515 735 162 -513 -874 -649 340 71 542 594 -921 -304 179 -660 788 661 397 856 755 -811 -571 125 288 983 -4 857 -286 196 345 -215 879 739 -37 -555 77 -178 231 256 148 -83 949 -585 367 -204 855 -834 317 273 790 35 -669 122 -983 -647 309 653 -334 -853 713 447 -371 689 854 342 986 -135 -44 974 766 -829 183 361 812 -220 125 47 -799 164 960 -705 542 102 626 282 -326 451 -161 958 -129 -868 -989 961 492 481 399 527 62 837 150 -631 996 238 -980 -863 775 302 9 -260 784 142 785 654 395 745 3 -264 -776 317 359 463 555 -196 -221 -603 -309 -557 -267 -871 -595 382 -281 -793 971 714 -135 -934 570 953 515 449 -523 -257 646 396 
84 -761 935 54 26 748 632 -437 453 -161 307 529 277 -542 862 646 394 336 -287 796 -89 982 107 -603 -992 152 -868 170 597 -738 647 340 -467 -664 825 -588 -901 745 511 -833 782 -69 389 405 -670 479 822 -422 -83 282 79 713 386 -523 801 -358 -737 -527 -409 -44 216 -154 -680 225 -384 -728 -191 772 475 -587 150 604 -353 -740 254 937 -573 735 -518 296 -884 515 878 -265 -340 -617 -578 -16 877 153 888 -828 802 -655 -503 -109 542 -257 74 -753 -446 -550 632 969 -548 454 733 -754 -356 -261 -114 -506 468 -121 -535 832 -853 631 690 -28 -223 928 0 138 -615 -102 -249 -987 146 -952 -792 901 -439 -524 -988 -137 -581 -433 -388 597 518 -857 862 605 -844 -700 -373 552 -401 -363 
-421 -417 -86 798 -330 759 -429 -473 780 547 -391 -676 650 -867 -51 394 -891 279 -574 -148 888 -203 578 176 58 821 -573 72 -386 235 -331 -507 -91 -859 80 -452 -428 7 801 207 -961 986 -822 -17 -75 399 -566 87 261 810 -519 -771 -235 -340 956 -382 -593 56 -510 -535 -323 643 -667 -527 -403 406 752 183 78 -422 -627 690 199 -737 466 -42 179 986 -21 -67 -675 -477 -224 -648 779 -705 -277 -978 -793 436 94 -94 -552 -153 -503 -445 -685 629 -352 651 380 382 903 -576 -831 148 176 744 -251 -721 -326 -161 681 98 -51 903 -506 852 241 302 610 346 618 -676 522 681 -19 657 -850 139 89 -273 -639 579 -794 961 898 -837 -319 -420 -980 847 -915 -752 48 -866 284 823 -397 187 
643 -997 -789 -988 857 -458 -451 326 178 -684 -293 -908 -535 -989 438 -614 938 -855 266 924 -843 -509 427 924 29 -57 -693 582 474 -981 696 -896 -248 202 -765 677 278 -662 -553 395 172 -581 453 -806 464 -746 524 35 -536 466 -611 196 -819 -358 -643 737 -765 -55 -623 136 -791 279 950 928 -147 374 -954 -416 960 96 472 -924 -938 698 -373 -930 521 -432 652 179 390 -985 -235 -632 619 -976 -651 676 -225 674 941 -236 625 413 -524 -270 691 -843 -749 393 -478 851 309 502 -583 -476 -205 -350 -414 -832 -359 956 674 -604 10 -201 129 -151 539 840 -216 693 -315 214 776 204 17 -460 -941 841 959 -242 20 -16 500 569 438 -753 -502 -218 -223 855 -433 603 718 231 -367 -352 165 -88 
-186 192 168 -553 885 -610 -750 -557 598 -860 -607 -961 776 905 81 -378 429 579 15 312 -824 -650 -543 431 -994 485 -379 447 -295 -64 333 867 688 186 -254 -23 222 509 669 -260 -439 -344 -522 175 -472 -127 54 553 0 -586 778 575 -587 -356 -559 -182 291 -376 -944 -797 -767 879 -499 887 -339 -28 -434 -669 800 884 -343 -845 1000 -716 194 421 372 -692 552 910 -984 685 382 981 277 482 502 -338 173 993 675 -717 286 382 983 720 240 547 649 629 -140 -514 258 861 -394 -685 731 -189 -816 348 113 -33 651 -121 -590 251 -906 333 170 407 618 659 -468 -144 35 -777 240 802 -331 613 -19 -25 971 -451 -13 476 687 365 145 -861 75 669 -119 438 -590 -526 610 -820 -29 -28 
-103 796 -59 480 -975 -914 973 -260 622 -636 -655 454 -407 823 -772 -241 306 -213 -758 531 608 907 -787 290 127 -473 -103 -182 21 674 361 120 265 -760 705 -834 434 -202 398 -382 -773 640 560 -639 90 390 -544 359 567 581 -885 -86 649 745 -780 286 -647 -627 -346 235 622 -597 -366 413 330 364 -545 -311 -94 60 -651 461 -129 -772 626 576 211 807 924 845 190 -658 518 551 308 -145 -528 625 -886 -967 55 425 348 -716 -920 -467 -265 339 271 -285 26 7 496 -148 -464 292 537 -894 -775 299 170 233 295 149 -740 427 -856 864 -657 580 -727 348 449 875 -557 -858 -270 317 998 -673 -231 417 -481 889 -84 159 -232 837 981 673 -721 -429 -757 -273 52 -160 824 -395 981 -297 
-990 -768 892 268 -324 576 772 143 311 -640 863 866 801 -450 351 -159 -847 -782 746 -326 -529 -27 -355 180 -22 427 629 168 -391 -567 -604 -912 -716 -856 578 493 604 -293 27 725 187 -829 -512 108 -450 -811 -933 666 501 964 217 178 -798 891 -379 -213 -111 -96 -672 -793 769 619 701 -41 219 684 -518 -350 -380 -115 -193 563 -762 754 -103 -377 -832 422 -519 26 947 120 -12 -903 358 224 -604 508 -463 834 -830 -35 851 -295 651 -196 968 416 -451 79 -500 -121 871 -23 406 -425 385 170 -728 -683 -501 -394 -405 382 818 605 31 -176 -935 -954 -686 437 32 -154 397 674 -442 690 712 774 -890 742 -689 -981 -801 344 559 -150 691 525 822 -165 -292 -704 700 743 881 -938 125 -132 
243 -23 -141 770 761 793 -896 658 935 247 -739 -282 -944 689 351 -910 -180 776 577 -149 -360 445 247 -215 -742 967 431 207 -104 576 422 26 314 -589 -311 149 -450 266 -96 -977 947 -440 -789 -340 539 -534 953 -745 -436 479 401 -230 609 131 734 611 -312 -394 -836 497 489 989 284 50 145 313 712 -935 -763 -968 -847 972 -867 561 925 229 7 -477 -22 -639 -734 290 -370 811 -190 -955 593 959 61 579 778 -826 -800 -627 771 -705 911 -918 -180 -316 152 -192 652 -539 587 -947 -561 -911 220 70 948 -316 569 -805 -191 453 776 350 934 438 -974 -378 -85 897 -989 210 147 665 723 -21 -482 996 -172 721 -353 -105 604 -22 967 -965 -71 -517 -22 778 435 457 -927 589 -205 -721 
-567 -119 -735 337 -948 -115 -672 670 635 -785 890 865 935 500 -292 -530 -31 -781 361 -670 -129 -666 -42 556 715 997 630 121 -557 -679 579 -518 6 151 -866 143 624 -488 -24 203 -605 -486 -214 -425 -862 -142 59 -345 775 417 -580 544 500 371 597 -710 350 -169 297 -552 -455 -934 252 446 -532 313 911 408 -250 -179 110 -856 -564 -535 979 686 -307 -468 283 -967 100 -50 -516 35 874 -948 142 -827 929 689 -518 480 563 765 -491 78 114 166 -836 202 192 254 -895 787 99 291 -980 220 188 722 758 -822 -977 -313 860 169 207 142 -987 -438 966 219 -363 -25 -19 50 -657 -48 474 461 -793 -792 29 -706 -902 -359 -556 -160 23 719 469 667 -317 -282 602 -216 -309 91 -23 184 
727 943 489 665 394 213 227 -66 -557 275 735 478 397 -880 -756 -282 -92 -989 221 197 -571 -890 738 -446 -204 634 244 -315 -464 479 422 -609 -37 566 -161 451 696 -527 -745 67 948 -677 -504 200 -383 -983 857 746 -947 102 -240 -413 -763 -586 879 -228 325 -143 -544 -783 715 741 -842 918 786 94 914 -141 867 -866 662 384 -855 -415 123 78 344 -435 -51 680 -813 -289 350 71 -499 849 245 847 988 -531 782 632 -220 28 -14 350 959 -995 60 487 456 72 610 566 -702 -61 -845 638 891 -964 162 -326 -444 -15 120 -253 -644 -546 715 704 -226 741 -520 677 -913 268 -504 781 -740 346 -90 -521 520 83 -544 904 663 896 473 345 254 -260 -85 619 105 -2 372 -918 779 -544 
-241 -713 771 -884 -843 884 -789 -139 -413 258 723 899 -721 -567 57 -369 -525 821 756 -61 -310 -745 -303 68 -359 831 -428 99 874 223 544 -518 -75 -805 -577 -118 -574 -525 -934 18 -841 463 -212 -321 370 -193 -101 -628 924 -975 -852 614 -686 -131 -775 573 -800 916 26 903 -132 -351 -82 -461 379 -953 -476 -441 -517 555 -462 -848 -825 -796 938 527 -755 -99 331 -756 -355 16 571 -443 582 -602 982 -921 -451 203 123 411 701 -513 865 -333 107 -674 70 957 -702 829 -255 489 -138 907 -457 -135 -257 310 421 -101 262 554 -778 932 781 389 -734 -635 -577 104 -616 -614 518 -721 -623 718 166 -720 862 423 600 -853 538 -867 91 -79 56 -15 559 -338 903 261 -544 -230 -602 -934 447 -221 
-731 370 -261 -666 868 240 -376 461 769 806 -615 -576 -3 274 342 -606 -448 -570 136 475 45 629 -133 706 -139 -840 -257 -240 110 129 -963 -942 -693 -100 -239 214 -869 -572 -792 -751 -530 591 668 346 539 189 903 717 629 -841 265 -186 663 720 991 -105 -881 -563 -121 -76 134 153 243 358 -216 -543 -583 213 902 680 -352 635 -120 14 -541 -628 739 648 169 -604 762 -822 -876 -904 272 -37 -301 -798 -699 273 -232 -289 363 -216 -728 -442 -143 985 -434 730 957 -131 -200 208 116 197 671 -601 100 -692 519 -951 278 -835 442 -959 19 999 45 432 318 -222 -302 -112 -384 -814 -594 114 -153 108 235 480 -335 777 -333 327 -486 -627 443 -983 490 723 -564 -983 -855 -934 -44 -843 -644 956 
-646 886 591 -627 581 349 -489 -901 233 872 469 -926 -851 600 -844 -752 -711 467 -335 857 -887 155 936 824 351 855 -981 620 -468 422 881 -295 -330 -681 545 -947 962 -229 -923 -458 705 605 -304 268 -210 6 975 -513 39 -773 165 327 896 -277 488 -903 499 -233 -860 806 -458 -656 999 -934 475 971 159 274 -488 403 179 191 45 -630 -25 744 131 -945 558 675 425 43 467 64 -147 993 -423 217 507 -199 -231 -468 -91 130 -533 919 820 -442 791 832 -480 157 201 691 -364 -330 -445 995 -819 224 980 -229 358 789 921 -946 -723 149 58 -8 -894 245 -677 -718 -595 -718 -65 -332 -734 -433 -450 118 -674 340 -725 -738 -301 448 -889 -177 -389 -707 -423 312 163 598 457 -158 459 -840 
-160 599 -794 66 -874 268 -916 -989 61 -866 -70 -298 169 -170 916 492 -127 290 -641 -830 -47 -644 -131 -269 387 -374 -691 839 94 -432 -322 326 -748 -497 -319 -741 311 492 -379 -779 551 -961 -325 79 37 -95 895 553 550 147 -772 -472 645 -375 -969 116 -407 357 -358 -968 830 -384 668 -426 369 320 468 -108 -847 807 173 -335 911 -627 104 -10 4 -590 -42 -944 -263 614 15 79 696 -829 438 577 -900 -714 -280 136 126 793 328 688 -279 171 -897 -986 -947 226 -700 334 886 -176 754 524 -166 -770 -216 -46 -246 570 -204 685 -576 29 38 543 -527 -718 -262 424 540 619 -687 -891 62 435 527 900 -811 -970 -886 744 229 -989 -138 586 61 -436 -622 -851 322 514 -15 886 -269 -793 
366 40 237 -458 327 -77 -68 -617 -711 -288 298 -356 -728 857 -292 -454 -203 347 474 820 -863 -182 184 -512 -982 473 915 -71 -216 -28 609 -322 -808 -334 457 -861 291 -397 -317 899 -458 307 630 560 -352 899 871 126 -351 -5 472 -870 109 -160 -581 69 -423 24 153 148 483 647 163 -363 -755 521 621 384 585 174 -47 589 -849 421 260 581 -57 76 282 -458 393 110 534 900 -638 -760 -804 -436 -531 726 415 -279 -394 -569 -556 -453 -731 899 -800 -123 257 -878 -171 920 352 -562 -457 -911 -419 113 56 -472 599 -825 -6 441 649 843 -4 -91 -918 130 330 -295 568 -331 717 -883 -43 -21 -924 -439 32 -598 -952 228 -39 -667 -990 453 -971 439 365 -796 509 -403 727 -240 -279 790 
-58 200 959 579 -761 425 -312 358 477 83 -481 662 763 -536 576 672 -228 109 204 -757 -472 -704 -797 301 909 -453 23 625 -805 130 785 -370 -147 -741 880 296 247 690 560 474 -109 508 -666 -164 980 -39 -154 -612 752 -505 97 -962 -127 -591 -171 -805 125 419 572 -639 -615 -397 897 200 -289 587 584 262 -123 341 -854 519 499 -159 -32 156 725 814 696 -746 272 -363 -526 -26 -581 624 -214 782 -246 -163 174 147 971 867 219 145 -199 186 -742 878 797 -328 -127 155 138 -534 632 -964 748 -231 947 810 -349 529 822 -336 -461 -12 632 -917 42 339 245 -338 963 850 -684 509 -937 -1000 67 732 700 -825 -84 -238 -114 576 -142 -535 59 -131 277 -346 160 941 -382 -2 35 -257 
564 -905 -489 566 -450 -810 -67 -265 824 145 -389 -831 455 -929 -91 730 179 -912 909 948 -594 829 -347 161 -895 357 8 564 -127 -989 726 111 683 -936 861 217 -752 -459 -123 453 362 -188 528 459 235 353 -363 -343 -150 -845 -655 124 -398 761 -71 930 -25 437 -862 -307 785 -906 -302 536 -215 798 -515 -24 557 285 -436 841 792 -898 -467 641 31 365 85 -270 -452 814 -815 -419 736 -357 351 974 72 -215 -440 -241 -447 561 -797 464 360 -408 629 878 -732 293 -215 180 256 325 -143 302 -832 -536 -385 -266 123 -514 470 -202 -407 -116 120 -149 11 -266 -467 355 131 -387 923 869 -638 491 -957 397 875 -857 -472 867 584 686 802 -406 282 -847 874 -939 -797 -870 -760 589 848 625 
-611 94 -891 -279 -399 708 684 528 470 -89 711 775 -358 373 901 584 -663 171 -304 813 -176 -241 -597 -57 -100 278 991 -137 549 755 -223 -272 -837 -566 925 564 830 -931 -751 720 -823 120 690 -185 -568 902 190 -354 -659 -471 447 -845 -148 63 -487 872 291 855 -831 -198 382 -443 257 -921 -624 10 -55 872 -431 693 506 -971 -290 542 -260 432 216 -197 -441 -821 -702 -493 558 935 -80 -932 522 -546 253 161 52 -515 777 855 -667 119 -583 -36 121 224 -17 -641 -449 -33 477 619 729 912 -209 730 151 715 -101 -334 -2 -378 774 229 505 659 -486 607 -471 378 988 -50 -991 927 565 309 847 254 -39 754 912 816 106 -146 -596 747 979 422 -324 -154 272 773 766 908 505 439 
819 -223 368 -572 876 482 -947 -691 -517 39 524 783 539 -454 -609 816 668 -98 -465 -336 -465 655 683 13 -470 899 -64 -744 -578 190 15 568 834 -640 -364 8 647 -612 823 107 -655 -259 -596 434 -39 -146 -59 -786 86 603 -295 -770 132 -805 -251 284 -199 794 730 551 365 -752 741 755 -846 559 154 -232 277 -321 -970 326 83 -330 -885 -88 944 448 57 459 241 254 827 897 -230 498 -142 -955 439 168 217 -728 -451 710 -945 175 -695 124 -574 971 -107 -47 682 -413 486 -648 380 164 254 -997 21 745 195 604 -272 762 -258 -676 729 -927 90 -303 -758 816 -876 -923 475 -574 734 -967 825 -362 -224 433 519 -432 -366 888 -889 -26 932 922 683 -983 496 -133 -411 -828 626 -610 
280 368 -702 858 391 651 872 164 619 -459 -452 -52 357 -779 -268 -760 777 359 164 726 -117 -378 -137 580 532 97 651 -85 786 208 775 -653 -488 725 521 245 811 -758 857 -454 915 237 402 583 -287 338 228 -559 224 -498 97 641 588 -887 448 284 -305 327 -727 -759 730 921 463 -359 838 -256 -946 994 -218 230 461 -266 49 -833 664 -940 -876 756 520 92 180 632 665 -935 890 55 706 -529 545 -455 -918 -677 720 140 -585 555 955 -821 -230 504 -453 845 416 256 56 -150 410 555 641 -825 -745 -44 -101 800 587 -438 -604 933 -249 875 -913 941 -707 509 132 -797 859 -87 -103 -950 -296 -310 -585 744 154 886 -805 291 -413 412 109 56 811 285 802 141 846 -757 987 -407 
-649 212 868 187 -614 -587 -522 113 66 -124 -890 -152 593 -859 871 352 439 136 -673 -476 952 -469 866 -930 442 -459 906 146 567 843 -127 231 975 -890 811 458 234 -407 841 953 -125 24 -138 248 -674 -574 462 916 -254 687 -981 833 674 -410 -461 766 580 898 -267 -488 623 668 -342 744 633 -475 -210 -104 -107 859 -584 -560 -932 -993 -722 -228 323 859 493 -566 -360 -454 317 -209 -274 945 -710 394 777 -58 169 -346 809 -409 -650 24 193 850 -201 399 -785 31 769 342 988 -930 -290 -264 211 -615 217 898 430 -365 570 -824 -37 -127 -739 540 -879 -249 -380 -480 134 -843 -529 -650 -842 -213 -725 283 271 638 -443 -42 -507 870 -486 966 805 -55 81 766 -192 -678 -443 6 749 -480 
-126 731 -329 147 775 305 -24 258 -792 -235 -123 -207 323 583 -998 818 -505 -294 -877 244 -944 -309 314 -977 -684 419 117 -657 493 -913 452 831 -491 -388 -799 -326 812 755 -8 425 -515 365 429 -329 -961 -134 -479 -951 -247 -851 505 577 458 -799 -686 5 -962 893 -826 -527 -66 -426 16 -945 -724 297 -554 686 86 600 -351 -937 955 -899 532 68 -785 -125 -208 -825 -498 615 500 842 169 -750 467 -870 61 406 62 -854 731 -191 836 723 239 -898 -95 -812 256 141 -543 849 -916 -512 -19 115 -743 -914 370 -565 516 -222 -135 263 -729 -9 542 211 -336 -967 341 -126 -573 -395 109 181 16 -539 -603 -388 879 -638 -228 -148 -337 240 -245 453 388 -693 -892 612 -160 564 -101 -266 362 282 
957 105 -347 59 -875 808 -269 -488 -883 -350 510 936 -422 662 -737 77 -576 749 111 -900 -474 -552 694 821 820 219 -159 260 -421 -475 328 217 803 456 -30 -723 -610 893 -739 509 579 -938 -88 -100 125 25 837 450 473 133 951 -583 448 508 1000 -301 265 712 -261 741 283 45 451 -528 -65 49 886 469 752 -218 804 -627 900 -157 -324 -120 -260 211 593 110 -250 495 -130 711 747 -932 -21 481 -105 -762 -468 -135 511 -523 -859 -670 -282 -309 -592 -512 -251 512 335 687 441 -28 -48 -928 290 -971 649 -832 -329 -905 -532 -631 -61 -897 -743 -89 333 -952 719 -208 -497 406 -245 -739 44 -697 258 764 -689 667 -219 648 494 -257 620 -306 553 -675 669 -574 -669 201 276 984 -476 428 
914 283 -545 -877 678 -111 288 511 -626 -951 148 965 -736 778 -961 -203 909 237 571 -328 -888 536 -853 -511 -75 675 428 -847 -824 -788 471 688 -574 281 -118 78 934 401 894 464 724 -196 581 -102 -779 82 -34 166 95 382 -699 -680 -693 674 807 231 937 964 227 -337 -369 -343 -302 951 -720 -212 812 925 451 -901 877 -228 -241 1 -704 658 -589 306 -168 -530 854 -238 577 502 -553 -663 -681 -973 327 -454 -967 632 -646 3 -361 -369 -831 -663 315 -12 -2 607 92 -120 10 966 633 493 717 449 604 -939 843 332 930 507 -770 265 61 681 832 -900 -663 984 21 753 1000 -140 132 41 -370 797 469 547 -498 -671 87 -652 621 -452 251 376 -51 200 366 -711 292 198 -735 619 
980 -66 -889 -775 365 -740 867 134 -143 219 129 -919 -826 -477 -569 221 -14 -120 634 181 476 458 -191 -87 271 -748 -384 -838 200 236 -498 -878 374 562 -345 522 532 589 -221 802 -428 248 -243 548 857 -701 378 -108 -925 343 -386 -405 -893 964 1000 -524 -744 790 977 41 -635 -323 -313 282 -758 -897 985 61 760 -218 -219 585 -60 -877 0 -169 425 -644 160 439 -820 -616 -393 -627 763 -142 -364 -936 -88 -529 -834 -899 200 -115 430 -523 741 -113 -129 258 330 -131 395 -699 -366 -795 179 -59 -434 679 -93 707 -7 -797 259 507 788 -207 -594 815 640 683 -790 392 -952 358 407 -168 -704 -839 -104 360 945 -222 -241 -906 -787 -711 128 719 962 946 -294 335 -151 89 -170 -278 400 321 
-537 -482 -383 169 -948 -916 -269 -461 602 -108 -245 771 680 993 -885 -315 908 -425 -543 302 -885 95 64 -857 -20 45 -111 -889 -208 875 736 95 -819 -81 -885 857 -936 6 -939 -52 591 -747 -785 162 -994 -880 -862 375 -254 673 385 746 -807 726 -926 459 850 -684 748 -502 165 -601 903 569 -640 60 -820 -675 584 368 -874 447 -414 -576 -56 763 737 -894 -334 -859 835 560 -933 180 130 736 122 578 -70 80 -135 -227 -297 174 -956 -163 921 -220 951 295 -973 344 -586 -123 874 389 778 951 629 55 -978 442 581 203 470 435 -941 -466 262 160 -320 460 -389 555 -599 668 -390 552 -577 -836 361 -879 428 -140 737 218 -502 -487 147 432 142 713 558 979 478 6 733 681 -553 855 
-977 656 -950 934 492 -426 -180 -428 -487 -923 66 -291 -632 560 753 178 -458 -382 109 818 -701 -472 -86 862 869 -140 -228 -20 -894 747 370 -563 271 -774 120 -389 244 -456 -923 15 612 536 828 201 -379 -886 166 751 943 -378 -440 21 986 -415 953 -66 954 959 698 -780 619 133 335 462 -519 -610 148 -319 523 -48 77 -699 -617 470 -815 -197 -475 556 -394 836 -997 598 907 488 929 -138 864 504 -530 -985 61 -750 -460 219 -731 -76 160 643 51 -571 -315 342 239 82 176 -162 -295 425 196 436 204 472 -618 720 544 -266 -846 126 -59 259 87 -676 531 -331 292 327 -519 -66 -583 -496 4 925 532 68 50 646 304 -800 618 173 -195 -148 680 -68 -844 730 30 470 438 573 
958 -980 334 -741 302 -204 -659 -920 -544 -527 659 -81 -592 -381 454 -772 873 244 873 -798 235 560 846 -422 -750 402 45 836 -24 953 308 -361 -548 -815 -330 -491 298 170 15 133 -188 -532 4 337 428 663 -921 695 776 -45 -373 987 916 -687 315 -610 554 629 327 -364 -910 995 -682 -308 250 -288 898 -926 -568 732 292 807 421 720 704 610 -742 -805 -695 354 53 -1 -559 717 -714 -898 161 -226 -496 -318 -247 929 876 420 682 -2 709 -359 354 -170 -497 928 957 -82 -351 318 969 806 321 -776 -623 445 -205 456 694 893 -613 309 -519 -241 -1000 -353 -915 -404 -440 -596 77 497 -89 -276 -395 457 -533 697 -884 451 751 594 367 -543 -557 -540 -401 501 -148 -450 848 131 883 -299 
8 -371 680 982 812 588 229 761 -893 -271 477 454 -919 -429 588 82 -689 411 542 851 832 53 37 -439 271 -194 269 589 -187 697 663 872 280 -895 885 -523 279 738 675 -213 -576 -231 -771 982 -385 -980 574 -635 -889 209 936 759 492 828 963 827 -170 -871 890 -906 271 -141 -152 43 -837 816 -629 879 -39 -250 880 727 755 -443 380 448 750 -52 -381 -267 -588 716 -824 -280 -928 507 -344 -636 132 736 859 -72 -532 -581 -101 8 838 245 734 -431 -821 -920 -123 -118 125 -193 754 -816 -867 332 -316 252 -307 -712 -153 -322 -391 862 -944 -206 152 373 -969 730 618 -558 -651 806 244 501 -650 952 904 -745 -209 -118 726 377 -199 455 -618 -928 -442 23 -938 -425 -312 386 867 -462 
-903 499 103 -681 -700 289 -558 -360 -499 674 51 816 -416 -972 -399 743 -817 96 -322 -900 -456 -47 -13 -222 -237 984 191 448 -442 328 -693 -727 75 -104 784 11 -18 284 701 746 -991 617 -342 590 -666 352 824 612 188 -470 156 21 -189 -451 -642 189 -138 -965 638 -94 435 353 -882 -964 126 -677 -458 -730 704 52 167 -795 -344 -344 58 -854 477 144 -52 350 -699 -208 -103 738 -977 -731 -461 847 -917 -970 -990 920 -879 317 -798 -316 335 151 639 -57 292 -403 339 -721 10 -320 142 -910 -31 -833 584 363 709 -835 771 27 279 214 504 -27 -997 136 857 -496 -211 357 -323 467 578 875 -300 927 -842 -21 -637 -916 -625 -286 -880 162 -13 360 305 23 221 343 -743 -403 -398 -369 
56 367 170 391 -103 -276 592 628 361 -865 -291 712 227 693 177 -868 -459 -39 75 -298 -949 460 -756 -852 652 928 -354 -994 469 -29 389 452 57 731 347 334 716 -691 44 733 -863 370 -395 1000 929 205 57 130 -79 -43 58 -935 -841 933 -170 -322 93 128 -828 501 -752 101 -347 -671 -259 248 767 -873 -429 -925 75 -974 -13 928 11 -873 737 -408 -953 -129 686 524 -91 -455 -814 -60 564 322 -614 -744 113 -215 -871 -564 -329 541 -402 884 -951 -173 761 -708 468 -12 652 -729 866 -835 -120 -728 695 -463 147 -759 216 -918 -572 602 987 -283 431 980 285 161 821 -217 -759 337 -967 -291 -21 -294 904 -880 -770 -723 651 290 895 717 -387 315 -666 -202 154 42 310 835 -142 806 
925 -465 985 -466 455 191 426 -68 -467 -485 -293 -766 -820 49 878 850 -610 -651 -665 -205 -837 5 -106 46 278 -640 -7 -373 -566 -295 -524 283 -882 -668 434 105 901 208 -213 40 901 256 -500 -366 -96 -481 -588 -109 778 418 222 -427 -571 -853 304 -762 -894 260 140 622 386 -256 -251 -785 -325 75 -764 -754 -928 -149 241 268 -52 -422 -49 761 358 -791 -778 524 -497 -207 -402 355 -69 -702 361 -962 470 550 198 245 -515 915 -26 -90 713 -826 -41 277 271 408 959 -465 -198 417 -417 -630 681 -524 -523 -488 -887 -26 808 -472 525 -163 -472 -499 -571 -465 -545 171 -930 -669 -999 112 292 15 -813 -116 -187 437 -961 -872 -642 32 -106 966 -199 237 57 988 -913 -351 -236 224 -544 654 
-754 -364 803 225 -700 -32 -984 -157 457 632 -931 -918 765 460 -200 -738 -880 92 -179 -273 -689 -223 410 -928 -149 964 -298 782 854 -889 696 -920 124 -981 -57 -230 -730 -859 -181 -657 744 -690 -734 606 373 -730 997 497 -371 -10 -685 -211 455 -224 -413 -928 -173 -738 -268 -853 570 -355 -788 619 246 688 948 135 -157 -989 462 918 661 122 -932 -185 -866 -294 -531 -111 -983 843 -915 452 245 -384 -770 47 -794 -331 578 -80 -349 -460 709 -649 291 722 -151 -89 626 -700 60 -1 207 910 -735 475 -970 -805 -472 816 -302 742 852 713 -698 -563 919 -736 -207 -778 18 -617 -883 742 469 676 186 -99 -900 79 -601 -247 929 167 -858 158 -796 814 -47 355 -908 -779 192 373 -176 -379 343 343 
-589 53 -275 -910 846 -707 -620 -907 595 526 643 402 916 506 224 661 755 -107 -913 -891 773 -539 36 -488 171 -406 -629 728 808 -946 -254 197 963 266 558 402 -427 -222 911 359 796 843 272 38 69 -66 378 493 241 -375 600 -589 82 -13 468 502 -44 780 975 -746 403 -395 -735 245 -550 -667 25 682 -617 483 117 -799 382 782 533 94 -450 -41 -851 793 -719 203 108 -994 -28 493 212 868 -244 41 11 727 787 241 666 255 -170 -252 276 -593 371 799 -625 754 206 -990 757 -1 163 940 -872 852 729 -389 138 207 -953 -111 282 -915 -808 458 -577 -323 636 -448 132 682 214 377 537 -887 637 -225 -196 816 -736 849 317 33 -599 17 -722 -480 677 -931 -78 719 147 -644 
-653 851 244 -442 376 -831 -669 585 745 605 -263 689 -583 140 -394 94 -47 867 259 259 920 -125 -287 757 -500 -835 -201 955 -710 950 251 -798 991 585 -250 418 -62 -481 622 -501 48 391 -509 -807 318 520 507 66 -794 -946 85 840 -285 -903 -387 737 939 -760 -154 474 340 204 317 61 -775 327 -241 807 525 -863 298 748 818 687 658 297 667 -652 -571 -559 677 489 539 445 820 35 -545 711 -963 -178 -166 622 -574 -841 -35 478 -39 405 -50 -116 -37 702 358 -700 -978 81 867 221 -771 553 -792 966 903 592 -288 -505 -298 935 821 -12 472 824 -477 227 -496 -337 -297 595 56 355 631 372 -448 -820 -525 430 -32 -909 -712 -864 -130 896 196 -186 23 260 -310 -614 97 149 
-128 -318 -44 900 116 71 986 751 -997 830 827 -852 -854 16 -802 625 -327 -914 -207 579 204 26 41 624 -330 658 -903 297 -994 757 820 -423 982 -417 -198 -429 -796 613 95 933 -987 -658 101 -80 -790 298 -491 -23 -297 654 -111 -25 -142 131 349 -867 269 367 301 -147 949 515 530 -883 -106 -53 387 781 885 -681 105 -600 622 -428 -506 383 395 250 552 592 -599 -391 -179 -12 240 604 325 639 604 5 -562 -125 7 -303 -324 -744 -162 800 -837 20 -369 470 612 406 -550 687 920 993 -533 850 373 33 555 -605 -167 -435 525 955 -154 -766 -317 -488 -357 161 122 -75 916 549 698 -185 444 9 93 -804 -905 131 -964 -202 823 -911 -682 740 -59 -911 -938 -428 75 245 -407 977 
-890 975 -28 -977 159 -722 766 468 308 -749 971 619 642 -477 -879 -639 -121 -239 961 -509 439 -856 -132 -127 537 -272 -567 -423 -644 -402 370 840 -956 317 -311 -58 -27 -938 -983 -891 84 -629 930 -242 251 977 310 388 237 -700 898 -132 -356 -639 -872 -963 -128 384 444 -328 -143 191 -848 -146 -564 923 -454 -705 -919 -229 -587 -375 -353 -460 129 -821 -858 464 600 456 15 680 -367 332 683 -584 301 378 715 622 -280 842 -411 58 173 -977 -963 391 633 -318 56 922 992 -3 -699 128 -481 -225 123 -120 679 254 -223 233 -977 -846 -61 722 -575 531 -944 453 705 -252 -395 921 785 190 272 625 367 172 916 409 289 974 -159 14 -170 -831 69 871 -222 125 -937 834 755 -97 -63 388 
-580 -352 203 -439 -257 -456 248 -9 -430 166 548 -188 -713 -513 394 376 -694 682 135 -453 -782 144 540 365 80 -381 700 -752 317 386 693 -474 129 -703 492 293 979 659 -27 39 692 -703 -181 -776 -34 -620 -700 -911 -856 465 709 -982 406 -853 -29 166 55 387 766 912 -182 -945 -864 -52 25 -464 188 -235 -67 291 970 424 -305 -331 -763 -828 -458 -359 166 517 398 -396 975 -363 739 819 -557 972 -313 -841 -4 460 -873 -474 -321 314 -582 -222 -149 772 -611 899 712 916 368 870 -15 -773 -151 -346 -982 -708 -907 477 -911 -675 545 915 -953 408 465 395 -554 -253 276 372 -746 507 678 -508 892 -150 -434 -611 503 -362 -64 470 -222 613 833 -597 -627 63 -244 -531 482 693 -298 -812 
-7 413 -249 281 -199 -554 99 721 -751 21 13 -538 -809 256 -66 -465 885 381 496 562 -447 492 781 793 -469 -199 454 -581 322 822 -356 536 429 -808 400 -339 -425 -298 865 836 -297 530 917 -595 820 668 -510 -814 358 -531 670 -180 -743 934 -369 199 -183 -226 -273 -216 366 -440 -200 9 -903 -467 543 -387 -127 -190 592 -865 -604 629 -761 213 -573 -521 564 -260 -279 563 38 139 708 -648 842 -396 212 463 880 417 -395 -808 30 -537 -814 -857 -218 828 -266 106 -696 211 -813 956 -805 336 71 -64 -996 256 50 -287 189 53 352 786 631 -87 382 -547 587 85 997 301 -784 382 24 794 489 -161 332 -713 -860 478 -858 -759 390 -456 225 -353 -269 803 -345 -96 867 613 241 -964 
-629 940 -17 -429 -749 -880 -12 -336 -239 789 527 -432 487 -560 62 -418 -318 -731 499 788 -943 -56 21 -917 -245 948 8 -891 944 -61 -917 875 -808 -389 535 633 -400 35 -631 987 20 -551 119 94 811 -658 -308 -159 352 501 -972 -196 991 790 591 865 464 -543 -304 -865 692 352 -707 926 380 -250 692 233 -148 -797 -151 571 858 209 844 -137 -811 194 -809 658 534 -168 -332 -11 -706 317 -966 902 813 -542 258 790 460 -965 284 969 -633 -263 -557 -780 695 -20 -157 -376 -924 -890 285 -691 -373 522 -900 832 90 988 455 720 -358 -260 373 940 749 468 -151 162 474 -54 729 533 770 618 80 -241 2 104 -428 571 -401 -141 -708 373 514 955 -401 186 410 913 -622 -860 727 653 
138 589 449 562 -209 497 -988 112 -31 882 252 -958 730 919 710 -514 -390 343 742 53 -896 891 497 438 576 275 -290 743 -799 459 817 965 259 659 821 -58 -485 910 178 -847 430 -380 -971 -170 -363 706 -208 -875 11 -658 -12 -351 772 276 40 698 -723 -886 351 921 569 -882 -533 -752 -578 -254 -824 7 -66 -967 707 -407 -797 -442 -102 -213 -537 59 -580 993 332 779 606 -84 36 -259 538 -162 250 471 794 -399 -718 861 -713 62 715 454 -423 -108 -407 -271 369 -881 -296 145 -656 22 224 -740 -130 -393 -54 649 -450 884 -237 -589 955 -179 -220 597 238 -171 -634 -546 -322 899 -244 -175 969 184 -260 798 -545 -465 -760 -741 707 -724 -191 329 -621 642 -243 -383 538 -260 972 775 
-970 -631 513 -689 -649 423 605 688 -137 466 253 -425 743 211 -190 881 224 -924 839 -781 -748 -485 394 673 832 540 -928 163 -795 110 -78 485 548 367 -25 891 1000 72 763 -910 582 891 -892 -914 289 229 -590 -638 -335 -375 842 482 655 344 -927 245 482 902 219 657 27 257 -410 407 -449 -85 299 334 124 935 -895 22 -708 205 -884 123 -123 137 828 405 671 -174 506 -887 592 -610 566 480 -36 -460 -903 -775 -500 508 571 -368 -432 670 -981 -103 5 1000 -362 -390 20 841 861 -64 -567 -82 641 -8 121 62 -218 788 289 761 290 -427 311 426 -165 -32 569 -232 830 -685 -119 -767 359 -990 -616 -184 -520 691 70 851 -971 428 -584 815 677 100 -256 -433 -247 909 -782 -361 
-321 229 -813 816 -576 -6 269 264 -955 590 946 -32 194 -883 824 844 478 -783 452 629 63 -600 -834 -6 -875 -406 139 -689 619 423 230 893 -445 -164 739 251 -316 -943 637 319 30 181 -917 922 779 -892 60 465 885 529 676 130 -424 -495 -239 -310 -420 -99 -633 195 663 -586 681 -278 927 544 -51 635 -245 -829 217 -460 -149 776 94 -316 -690 474 -273 915 -189 -625 -861 383 -402 -547 -706 904 554 568 727 -998 -580 1 0 -864 -578 -883 549 68 228 -603 -170 -334 -863 76 -315 825 42 83 989 -100 -185 -78 -908 -518 -536 802 -128 -595 471 -135 -624 -627 -519 469 91 554 -185 -924 -384 633 -396 203 544 -310 -487 269 -841 251 608 910 -63 304 -213 -647 632 -491 662 -62 
809 -736 13 -144 210 -580 295 -723 -443 -441 175 -343 998 662 156 421 -511 -355 501 590 -392 -199 553 270 -313 411 996 21 846 851 -487 -826 -816 -211 -679 -332 194 -126 103 219 25 502 641 -793 496 -90 -449 559 -578 137 -71 -428 -344 -800 430 -241 95 -12 801 -161 -860 -510 -467 -588 -760 837 617 -116 -72 665 425 776 -465 -472 -738 -460 -916 -248 961 -904 90 616 -259 455 -835 777 -505 -788 -674 126 467 -644 886 -898 257 635 623 -780 -521 738 506 831 -50 -935 -251 -378 -623 280 357 -723 971 -526 -365 -232 159 -949 241 392 -850 -330 120 34 -404 695 -838 -186 729 652 151 -57 -617 421 288 992 835 -85 338 458 -753 -64 610 -979 949 119 218 893 431 -577 -37 -52 
-218 640 -197 -415 -662 292 740 392 705 -13 387 -660 495 -69 -395 -982 -325 -288 583 622 813 -486 604 -619 -381 -426 -553 -960 936 -766 -611 -577 998 690 960 -723 195 -447 -857 418 180 937 632 -230 382 564 -925 102 488 -167 547 48 -307 696 867 80 -230 485 146 772 70 -871 -633 933 907 -656 348 -199 416 113 -476 699 -615 706 -129 542 695 -797 -866 -730 87 998 -800 -201 -22 -248 -91 -130 256 626 -204 -836 -6 193 -37 157 208 62 -775 155 67 -706 -263 305 -877 522 249 686 562 223 -638 -600 856 -651 -206 -589 300 -58 -736 640 -151 370 -862 -300 -191 -927 400 -134 -549 393 -488 683 -69 839 288 -753 301 231 -225 107 -822 701 848 -604 475 122 -863 -22 224 -905 
982 314 390 723 -74 897 -304 -871 296 663 -417 -841 799 -555 310 464 -123 96 285 -904 796 300 -124 175 -829 -148 -323 971 -744 -741 839 911 650 788 -482 -4 -567 113 -395 822 -461 -51 -526 -836 -369 911 531 -758 809 -828 264 240 58 -140 -755 -646 -471 928 -469 -607 955 804 -836 -442 -895 331 641 77 791 -156 -865 347 -317 -605 -787 -115 513 -789 -559 778 -321 -65 93 458 449 -626 543 375 575 -14 -885 688 -623 957 145 543 -878 971 166 -626 -338 407 767 -531 -138 596 -719 -930 -169 -351 755 -745 -164 -747 785 -266 -100 -989 -655 -400 -286 -695 957 118 587 -404 761 306 199 839 947 -949 -909 -780 -163 977 -13 -760 -634 -751 -890 245 572 272 330 -934 -657 595 972 -291 
570 610 753 344 -829 -917 963 -486 336 889 947 -558 734 714 644 -50 -542 -736 -28 -298 -799 -769 432 -509 587 -383 -140 127 125 348 860 79 563 340 -927 231 866 -246 166 -355 557 699 -542 129 642 -379 -387 640 -936 -209 119 628 329 528 -735 810 231 -185 -493 704 66 892 -22 -190 -703 -840 63 842 -3 623 305 438 -978 712 -498 639 -723 -356 965 235 231 -940 -916 -423 -394 786 -538 -723 45 -638 602 654 54 192 -316 -164 638 -519 -150 -575 -247 -921 -511 177 962 1000 -741 891 -780 -452 345 -661 -232 425 -552 815 41 -444 -778 -46 423 -882 996 246 654 811 720 844 481 -711 642 195 -175 -253 -753 -273 740 -756 -270 489 -19 715 -130 -570 -353 72 333 609 -708 892 
-841 -479 -260 -877 627 -186 -29 -844 933 -690 400 956 184 -626 974 290 835 616 -342 925 490 -191 -291 -363 400 -36 -224 -745 -839 -139 -24 62 235 636 946 916 547 -246 -336 -320 -669 188 -724 -446 760 -444 -527 -472 -700 -231 -230 -168 826 -807 -320 -128 -942 178 53 165 65 619 183 -770 -799 -679 -830 -934 247 -486 328 -451 -75 555 -399 473 320 -435 96 -932 -823 182 -268 690 -545 653 894 33 516 557 151 463 384 -976 825 -479 915 104 -825 902 -676 803 313 -66 -687 -355 -768 -411 -834 -668 762 -121 794 -708 -547 763 -475 -793 448 723 841 631 803 -66 850 -583 790 647 -1000 375 901 -183 146 306 -529 546 -52 -456 821 490 128 197 879 -482 867 94 895 221 671 964 
904 965 -761 372 -337 380 851 824 716 -455 -76 357 514 655 -854 -938 671 -447 -28 -942 -187 753 -179 203 -305 -381 979 698 171 234 144 508 898 788 -310 -578 321 318 -984 882 660 952 496 368 793 -961 88 -804 -649 127 760 755 827 -802 310 43 -864 -936 835 -954 -292 941 327 -139 -15 250 -180 565 654 -280 -859 558 608 533 73 973 138 160 757 -578 -831 -899 -903 111 -522 -466 -969 -237 -9 -310 -39 -987 -258 -110 -556 863 691 874 388 899 177 -894 236 466 581 733 -44 849 -115 663 -254 264 -497 -7 -108 477 -41 220 139 -191 -134 104 13 70 -749 -999 -20 869 -367 -189 805 185 347 595 648 -602 799 -874 858 -21 965 -628 -339 871 -825 -850 672 -215 592 -116 
719 82 -456 761 -324 -792 -137 -331 318 235 694 135 222 427 -95 -47 811 -120 -743 344 -67 -472 717 -734 158 812 163 599 -642 -468 93 -907 377 239 -42 950 46 -124 -725 -923 185 951 480 -538 788 -525 -822 -575 224 953 493 279 591 729 -836 -594 601 798 -831 617 760 100 703 -370 914 -461 989 -180 -833 -845 108 930 -983 -544 74 667 -500 -688 -369 -8 951 757 838 606 -418 861 31 -218 -999 -736 -782 233 -964 -262 -332 -153 -903 224 177 -751 -424 63 -984 -877 520 -16 612 569 552 354 940 23 -26 571 -245 -678 -179 -452 -282 -117 104 810 -582 -384 -684 -65 -658 -982 701 -214 478 256 -960 -895 -11 -354 567 808 -298 -267 -290 451 748 -735 113 798 -634 368 -390 -897 
-91 -15 -36 186 135 581 465 720 -943 -135 -867 643 345 -645 776 -301 209 -33 -571 294 -224 380 -8 -647 637 -533 -71 -752 -13 680 -735 159 -994 325 28 195 589 906 -294 -428 768 629 -80 29 921 502 -442 -139 95 643 589 -821 967 -516 818 277 306 -770 988 92 -794 -331 777 -365 995 987 894 -969 460 312 503 948 426 -622 -368 -873 755 -723 403 843 659 258 224 537 971 -828 949 -879 -787 -628 61 -52 -721 253 -228 275 706 -4 -716 135 -166 688 -249 670 -871 -205 986 -788 -480 -135 451 672 402 -559 336 96 400 746 -536 -31 306 202 665 -497 662 -797 996 -923 -186 -818 300 -173 56 -199 -496 833 -501 -933 -920 -275 152 950 -517 311 -306 197 222 392 761 497 
578 364 506 -691 667 222 808 -822 -372 -437 405 256 -613 695 484 191 -15 -890 -710 -573 909 510 -817 365 -660 446 -265 744 554 900 115 -810 700 276 -193 695 515 820 -115 139 242 575 618 -560 815 -535 -922 183 -65 743 -309 -905 -510 -627 -735 -539 -430 -83 670 258 -77 574 -311 -450 654 -495 135 -827 -52 860 -944 847 -853 -19 -327 244 8 91 -32 -950 -661 658 -16 261 -771 -798 864 792 -106 -653 830 -991 127 808 -766 -229 -30 -938 745 -786 484 368 247 -37 269 -909 -815 446 -473 279 -971 924 -439 -980 -34 453 321 837 627 4 155 -33 375 313 -951 -681 390 -998 -191 594 748 -984 218 -541 -704 -353 642 -401 -986 -127 -93 -103 509 -565 -105 800 367 331 -646 -330 
321 519 -494 512 -106 518 -764 -474 333 -119 -627 94 -77 -531 428 -521 403 281 -305 -122 -642 305 -494 418 86 71 646 -72 -691 -518 713 -642 90 4 -635 -469 953 -291 -157 666 276 770 -506 361 364 -587 -433 -594 243 -462 952 830 -527 376 191 640 -289 -90 -935 -159 921 -538 265 818 516 344 631 902 -315 100 613 771 -222 -41 926 43 349 93 427 595 -623 7 406 -809 -704 514 -27 699 55 -239 702 441 12 -431 -781 -953 -486 958 64 -951 -742 648 560 840 264 281 626 353 -132 949 668 572 -681 -868 -312 526 29 632 236 -814 -217 -979 544 471 -741 735 -81 374 655 530 594 16 564 712 -754 -360 -533 -135 856 -487 316 373 -843 -893 896 641 370 -361 754 4 
703 -797 -654 -865 -128 -7 630 175 375 -46 -70 657 -162 803 -211 47 -357 -960 -439 369 113 -392 -705 409 -400 607 -246 135 -855 931 -401 125 4 268 141 883 947 63 477 -974 485 641 649 137 -610 -517 801 987 569 79 -120 -853 645 66 -935 175 -816 505 727 -338 -634 -888 -795 861 363 340 195 40 35 269 -201 -677 809 -925 364 -510 -513 -402 309 -245 797 -32 648 -42 57 -260 -151 700 -577 423 875 -615 -629 -177 -119 122 544 534 -473 -657 -636 730 -62 645 -671 184 381 -385 153 -363 637 820 627 151 -88 949 713 299 142 -246 166 616 -435 792 -943 -390 -547 972 530 -966 806 722 -315 160 -963 -974 -2 -492 -770 -715 -256 -312 372 -822 846 995 901 524 559 -429 
533 -629 969 -768 938 860 147 757 -316 739 282 -523 166 440 -980 -988 -137 236 424 -146 945 601 -970 -27 970 -754 188 568 695 402 146 -282 462 914 -186 -402 -390 328 -785 550 567 -600 389 -832 -143 -454 573 45 -29 340 128 -278 -67 -925 815 -35 -367 -934 990 -850 -647 -770 419 294 692 -423 -289 -355 -62 165 -955 -864 -247 943 633 -672 -88 -658 522 -713 -668 65 618 -334 527 202 774 -226 -859 -786 593 -559 411 402 902 301 -730 316 -543 -531 608 -260 556 389 244 -664 -192 354 868 -285 93 418 -245 -982 957 807 -705 316 180 612 -91 -681 81 -607 16 -932 19 -780 988 -525 -541 6 -22 -321 -664 -234 -505 -621 63 -527 -938 -190 -631 224 12 824 993 768 -643 869 
465 806 894 713 -384 -763 844 347 -792 -581 -451 348 806 411 325 -572 -320 281 -48 467 766 649 99 -339 -254 -483 228 147 -812 -903 672 167 236 -341 683 532 77 -491 780 -697 -431 -814 -487 62 -364 551 412 85 620 945 -654 -709 508 209 -63 47 673 -302 571 -300 90 161 -852 330 -90 -643 -690 -866 -485 -237 -862 836 417 -689 -548 -374 987 708 904 -770 -993 330 862 37 -776 -605 -86 300 -654 -398 -576 47 -725 205 -268 -762 -213 838 -898 271 -852 -589 350 -661 -380 -4 -937 -145 339 351 -169 861 -428 -929 -913 -551 -663 445 189 -897 -845 -782 -55 34 -859 483 -76 -313 403 -178 320 -500 159 734 -928 478 154 -775 743 241 93 405 457 -142 500 58 580 -323 -776 894 
-596 292 627 982 902 146 259 -782 -431 -714 201 816 -501 -691 -614 722 -100 440 -994 -826 -552 -238 460 -678 85 203 900 962 763 -814 -418 -998 -311 -6 872 -433 692 710 -99 225 967 -363 -115 306 516 -550 971 752 -190 -330 140 447 -107 -903 -975 -976 23 78 -961 126 118 954 754 171 -177 -331 -500 608 -334 -466 57 663 -573 279 373 -496 207 -371 361 477 -747 -583 -379 -497 532 -139 -88 69 147 618 -626 -367 -216 -451 790 -660 882 657 -637 -533 -132 -316 106 650 -238 947 -409 484 -248 -628 53 -189 -387 433 731 -217 838 621 -917 -314 -780 757 -84 66 -933 730 551 176 -210 -913 -126 -170 78 -388 -915 91 503 719 -387 -761 298 186 16 560 -248 -782 150 -163 579 -424 
851 -121 -793 617 695 -263 -275 -556 465 887 -916 -827 592 256 512 17 -498 645 -219 760 379 942 -262 -424 187 -936 249 -379 -71 687 298 819 -68 -959 -482 -373 185 -54 698 -561 -111 -920 -913 161 957 818 -110 -430 333 -902 -686 949 -211 -803 -247 58 627 -726 -835 -907 -477 -654 467 12 -603 198 827 -934 -10 -436 978 381 707 -80 118 136 -905 234 -448 -449 -647 496 -992 313 -416 -510 -273 46 -314 693 458 290 794 281 466 -313 847 -336 56 -335 -209 702 -222 178 695 2 819 -700 732 963 -206 630 931 563 933 235 -431 893 -489 632 657 -109 -258 -387 878 18 -70 160 -208 -210 125 -893 -676 748 787 -401 645 877 611 -773 978 -137 -233 -222 588 596 -126 -89 853 -129 
-529 749 577 452 76 231 500 -941 -690 308 280 679 497 376 -623 -399 514 379 -655 927 -439 434 -140 296 574 330 377 841 -464 -490 782 485 889 619 337 591 277 176 -51 -224 -629 -64 -801 -764 53 -290 849 -955 32 197 -252 477 -532 771 157 -996 -374 438 613 -361 452 70 -157 966 641 -653 -172 -517 -701 21 -295 493 -282 -580 263 449 382 226 -609 102 518 -119 648 -522 -392 546 -288 451 927 494 68 -169 -814 -926 -716 976 -246 -620 28 105 -109 442 -489 -739 -353 243 417 228 -91 -974 -849 833 -91 776 885 -743 -411 -444 -229 928 -646 -63 -533 -2 450 784 -162 798 -431 -486 -541 990 -816 -31 -986 104 -952 681 -11 -769 146 -730 849 -616 -888 637 356 661 -164 -75 
-974 -412 78 117 566 -248 -923 -996 -862 781 -101 -959 -561 -148 -993 -836 -622 -169 -926 -253 565 654 182 170 -833 391 -409 -528 -551 -122 -684 -964 673 326 -490 32 33 351 514 181 -19 672 -116 -769 -915 -596 994 -286 -463 -169 -456 319 803 883 -727 -739 825 -367 -421 -516 933 223 -893 -935 -180 -619 -988 764 460 -237 875 -1 902 151 -594 -875 548 74 -598 -23 556 494 -197 -897 737 583 186 575 -879 382 527 719 627 329 846 -783 -185 -731 307 -697 821 -837 -693 676 -783 966 803 610 -123 -211 -589 120 910 124 -24 429 -465 -326 -435 8 379 89 -732 10 -255 -744 -859 981 487 827 -181 931 -5 156 -200 -453 345 -422 520 847 -431 870 568 836 842 825 324 23 652 -634 
-535 593 -925 -665 677 919 584 -292 951 524 -570 -323 -99 -892 -904 -479 -212 -374 -437 932 -865 295 -3 -815 -311 -657 -129 -431 -913 -321 -708 -577 178 503 -261 306 -95 -482 491 620 -715 341 -432 -882 -928 -691 343 719 497 376 -795 142 -256 -475 -464 -35 826 -906 891 54 519 776 821 -238 -265 648 -505 -759 629 164 -853 -888 -651 486 -238 93 558 376 -623 783 -149 -285 57 -906 946 453 800 -27 645 -439 -687 509 484 333 634 732 930 116 888 974 -684 -607 330 186 169 -942 842 -588 874 -996 -918 585 136 -28 -688 712 263 514 432 -656 -581 -60 -311 2 -276 -87 346 -913 18 -487 676 -135 -780 671 -62 960 -48 -272 -235 966 761 -521 50 35 -475 643 -518 42 -303 -807 
601 393 -176 928 359 371 837 611 -487 154 668 152 867 782 636 536 969 641 -515 87 -628 -66 340 -509 -27 -722 -833 -210 -181 567 354 355 -858 452 97 -822 -228 774 262 660 123 -38 -389 997 -705 184 -256 -201 587 869 -640 -13 -274 -247 520 9 -761 296 469 -354 -562 964 139 -1 248 -527 -455 -70 -404 -323 821 221 -67 -938 -367 473 -197 -677 352 472 310 693 -43 187 456 898 -854 142 -673 -27 -717 -703 575 -504 907 775 172 364 -570 565 -585 -756 928 692 24 -658 810 -949 -361 520 699 801 767 299 847 959 180 -279 586 -708 -24 867 833 175 -622 102 416 -258 538 145 -166 -842 503 -676 207 -210 750 528 871 88 947 834 -60 448 762 893 314 -783 276 -875 
651 -295 -109 66 441 86 -251 -198 383 927 -609 -406 317 -794 222 358 426 -427 -445 -106 -96 -260 -594 -329 -765 189 -552 -342 -689 -372 554 131 -874 306 97 -333 537 -40 40 873 146 933 -380 -82 429 840 395 177 371 554 -202 62 747 991 -788 153 907 -337 986 -991 -294 -450 463 344 -531 495 100 -690 570 -99 -163 -783 401 125 289 284 212 -675 -450 -354 294 226 194 -52 -526 320 333 -446 -933 736 161 -699 -424 -646 602 -702 740 539 929 -867 871 772 -552 588 -5 681 -546 791 96 -210 -909 980 226 305 -195 46 321 -519 -754 4 -69 -612 -633 726 -173 452 419 525 -794 196 -571 36 -518 -791 846 -400 608 341 717 882 585 522 -625 231 896 -156 -579 -14 -413 -487 
-681 -308 -823 748 -639 -106 -640 814 -32 -722 -841 -741 518 -460 -32 493 136 -287 -875 -987 -526 205 615 -494 -136 -300 879 381 888 -697 840 -163 802 511 -211 -22 898 -375 -175 555 946 305 -307 694 -474 272 -975 -477 -703 982 490 839 804 251 -156 -334 -988 -384 -855 -838 28 -310 -203 13 -685 234 -511 -669 -854 -456 692 -158 128 -200 -661 -665 -65 -883 -882 544 -206 -227 89 894 -510 -856 377 389 60 130 -670 -30 -139 -932 -344 -181 -164 -373 572 -222 -634 -125 -504 -35 -275 385 259 -112 638 -963 438 -772 -920 -878 -157 -374 150 103 836 -697 916 56 469 525 -27 453 -155 834 -847 166 -20 -801 64 -984 -935 390 834 -654 -186 10 -836 -377 -32 615 183 -431 41 -559 42 840 
135 -234 940 360 -120 308 -14 -888 -558 291 -472 185 -115 914 658 180 -984 -600 417 698 -312 -783 -278 675 246 -268 941 157 -436 481 -885 -217 -266 -651 -898 524 -198 -512 57 165 -126 406 -483 509 463 -875 619 694 505 -759 250 898 -246 -279 338 -245 -836 -399 463 960 440 699 -810 -459 119 -222 -98 204 719 234 355 218 983 -626 -270 -212 -74 -765 503 -55 -96 -542 785 -596 -272 -916 -599 -153 -344 -704 -4 -74 963 -265 -388 -70 895 50 1000 -463 -553 61 -939 553 -553 161 305 -146 -970 111 -284 473 699 653 -494 -548 -582 766 -658 -686 -764 599 8 1 -871 378 -645 169 -482 963 -389 -735 819 -136 -147 -204 699 -598 -815 -716 -825 858 355 364 -370 843 -206 -480 181 -451 
66 -8 -176 -379 -801 193 -214 666 -408 -654 968 -476 736 -311 -604 -216 -100 647 383 127 -302 137 -456 11 -336 -475 -404 554 -692 -450 -102 -535 479 926 -290 785 -82 -989 303 -72 863 334 -986 -16 377 -78 576 -734 -755 -247 -558 339 -31 942 -337 -231 -288 752 -406 792 704 963 -89 909 -737 -63 348 860 -164 276 -809 550 66 654 365 -370 792 -499 923 233 -423 391 176 -683 112 -833 647 -133 454 -231 -38 -189 -191 -471 67 -213 -417 -604 176 -191 822 943 -180 724 85 855 806 -541 639 -745 -37 -965 -942 501 412 -818 -447 634 484 -190 -418 713 -173 -488 -812 987 -356 581 -608 602 418 -451 235 394 -312 354 -293 -861 -16 -917 471 -917 -935 632 -137 617 408 -196 -658 495 
-666 -474 138 614 -255 -156 496 -989 770 457 -647 -324 591 845 -746 -498 425 -412 122 -753 -622 489 -407 -672 889 -433 -9 -675 104 435 -434 -568 243 -888 -220 924 -967 -143 401 -117 967 674 32 -539 -550 776 -941 497 -71 -616 -588 394 502 -943 -40 -942 995 723 -553 -674 577 -815 -625 -89 992 204 -684 870 -437 -310 -90 -782 -510 936 52 161 455 469 -277 -349 566 -502 581 -235 -856 735 524 -186 -764 -197 210 -493 -628 944 -792 -581 501 122 958 246 962 -711 -255 -49 -303 -386 -373 -190 769 938 -903 -988 391 -555 -397 -6 30 -806 468 286 -571 836 -525 171 -948 91 921 879 205 41 503 -100 929 394 -316 -912 -507 -776 82 -285 -221 790 462 151 449 918 -767 -627 -419 655 
863 -864 518 -548 -688 780 -278 -339 183 86 614 -333 -409 672 -154 -895 676 646 -878 989 -58 -723 -721 -432 362 319 -502 -554 -522 -951 -690 743 -828 -851 -54 -115 199 -674 -458 -159 370 -600 -157 607 40 -892 -183 -685 -265 -549 -738 883 -363 -275 -746 409 516 451 -85 227 -232 -90 133 -846 -804 -449 345 -577 765 145 69 209 609 -500 24 -830 -521 -950 -843 302 573 -692 -249 -126 265 -892 -848 757 842 31 -736 -958 -496 -205 -666 732 891 -693 671 -451 -882 -295 -409 420 817 -595 -456 -793 391 -882 516 -217 -184 -563 56 -239 -541 925 -108 371 185 537 -435 349 635 -131 -909 332 -828 -602 -285 405 -796 -335 55 -678 -674 783 -329 781 914 -600 603 252 695 -284 769 -237 160 -279 
-394 340 -512 -497 589 -787 490 -956 -210 388 -612 -131 701 -889 795 -330 -49 349 822 567 -558 769 -79 -330 -697 -498 706 -644 634 -443 136 -574 -445 114 -721 917 169 508 737 -659 234 349 -387 177 165 -822 293 -848 241 -633 -297 -949 103 -914 909 -76 -255 62 -747 -275 -954 -150 643 311 -220 -193 -1000 35 759 -527 164 -674 334 -216 -440 -167 665 949 -374 986 552 -927 -810 -898 -715 773 -545 -582 -929 -577 228 -876 461 819 226 -847 744 -314 -844 -412 -125 -344 -802 252 -587 230 -193 569 -135 -719 -817 -467 -441 -474 725 874 496 658 898 -994 -690 335 -431 -106 74 904 -983 -537 741 810 -765 -784 -790 -836 228 -860 108 -46 -755 -253 193 -727 623 929 349 -259 -206 -211 597 -538 
-14 964 598 905 -206 463 138 353 -755 -839 527 318 940 -350 487 -612 292 281 131 -606 -441 -764 -552 851 -115 730 330 -695 824 -615 693 428 -863 797 -373 305 -132 -76 -386 -558 146 -386 -502 -346 -95 -249 204 -453 -83 545 -974 561 195 224 144 926 -18 -210 -439 513 -395 -307 136 961 -73 -9 428 127 297 -966 -256 -274 -667 596 -646 0 -411 1000 -602 154 189 514 736 161 -393 -817 57 -756 -920 -553 -304 641 400 -967 477 -590 42 275 943 -476 -17 367 266 785 -767 -556 682 -738 316 136 270 -1000 603 319 437 768 -439 714 -730 -971 832 745 -425 679 -786 198 -704 108 986 -262 -134 -46 -792 697 -252 449 -67 160 -365 -813 -236 -400 -569 87 339 -836 578 -810 -112 483 
-720 -386 64 898 139 -472 -468 31 953 -181 -888 -699 741 396 538 -277 -451 978 876 710 -219 -161 -8 140 991 -282 -971 -974 547 330 443 288 575 360 380 -51 -474 -84 897 773 459 145 -74 468 -652 413 -239 295 -955 335 656 -852 605 -911 352 415 -225 663 16 -281 476 -134 -984 317 -547 847 -388 -297 -390 -717 179 -288 361 785 -195 461 646 -985 799 755 928 485 -876 -759 745 883 506 75 748 488 307 -617 483 -532 356 778 499 209 -698 136 -871 902 46 -569 607 -613 250 -848 124 -566 605 -20 -236 120 -192 596 -956 -769 -422 -112 893 -136 930 931 -500 -790 341 -157 730 624 756 -878 -148 -373 -581 -997 -991 927 192 614 739 418 807 611 -467 968 -405 712 -478 260 
-882 -269 803 -655 -691 -433 -115 199 292 -548 -151 179 -99 -916 -657 669 -112 -590 419 -559 -691 705 667 -756 -583 556 -864 710 263 899 39 745 371 -276 -656 85 -29 -642 497 -433 550 923 -117 -996 -661 -291 322 -973 842 -942 747 138 273 647 -114 -577 -661 -11 294 -37 -33 204 -504 -869 -282 -714 -690 -643 193 -446 444 -887 586 -441 396 448 -616 -858 -30 886 963 414 356 -956 723 816 133 671 -294 -700 886 -684 418 613 -398 -970 -72 -945 394 -146 513 756 904 738 762 -286 -997 -496 210 -499 -47 -133 317 -647 903 888 468 393 582 426 -248 -719 -936 -34 -534 963 647 493 -81 -214 -861 -125 -683 433 -958 -432 -949 -1 -54 -650 -972 -698 52 593 -376 986 737 -689 -107 55 
737 -109 -227 -80 889 525 -958 1 -953 -90 638 614 602 -679 996 244 330 202 -656 920 -807 -506 245 304 923 646 -158 614 -744 37 -770 -582 -147 -48 533 307 387 -390 -658 453 259 -405 -488 -185 -690 723 191 16 -364 -517 -312 -694 -171 162 -237 -416 -519 -452 734 -852 296 -603 504 511 -510 620 -464 -688 -714 -893 -22 -755 508 -988 991 -235 -89 347 -323 -978 -667 -900 249 -320 9 513 -243 -430 -864 -408 646 -337 -71 335 501 716 491 126 575 -558 -156 928 220 -147 -493 -169 159 -362 -51 -942 508 586 75 761 117 996 636 133 -170 -827 106 -397 -839 -592 442 -874 524 -885 -411 303 -112 821 -445 849 -160 246 -154 726 442 -513 -838 903 -773 405 265 514 -59 -440 -821 -700 
998 821 -653 605 342 -208 36 894 143 -814 278 -881 -453 -522 -687 -708 -91 270 220 -458 974 -55 52 807 -402 915 -320 500 519 -808 627 468 -466 -654 -309 129 -92 -225 690 449 -507 -377 71 -995 526 -83 -92 948 898 448 -597 256 16 975 551 664 -716 -664 -939 626 -984 -187 -783 178 -165 974 888 897 822 913 116 237 -401 -905 471 721 -300 444 606 793 806 742 182 -157 576 601 -696 -952 -206 115 -940 -103 667 296 -294 -973 335 -11 742 269 -67 968 -67 -837 -573 -154 666 -321 -370 -141 -795 -860 179 -523 -796 -514 55 -716 919 -238 564 253 872 -799 -772 -847 -589 -996 240 803 -515 -52 121 -124 277 952 682 655 132 -34 -212 507 668 -425 27 427 -921 -850 278 -790 
137 700 -14 -706 -603 951 -539 -506 -65 715 393 96 595 709 583 -482 -952 85 54 996 -510 78 801 694 792 358 -275 -620 673 741 -593 757 631 807 193 -180 -114 280 427 -902 361 881 947 125 211 -770 -831 -275 -486 -884 732 492 460 -598 -688 148 -180 -4 849 331 883 701 844 616 -684 661 -44 42 726 259 -569 452 -664 -242 -580 377 722 -412 377 -416 685 -492 550 -326 910 -665 -72 -565 -70 -895 810 -419 975 800 -743 -174 -236 -187 -427 -745 -590 290 812 826 -588 57 -600 -462 -715 405 -431 -771 19 305 955 -219 319 -376 357 786 -174 317 4 -345 778 447 365 -477 -870 -859 832 671 -352 -216 770 -599 -812 742 -17 753 -642 -801 -733 435 921 -892 160 -14 -685 264 
-605 186 580 -853 -132 -9 -728 -337 -962 -384 -580 356 -190 -1000 213 760 264 529 454 -679 694 568 -153 -839 -523 -457 -596 694 619 -436 619 680 861 291 361 -631 775 770 -873 603 -612 -886 184 769 -192 866 366 -576 603 -977 -526 -265 506 410 252 458 -263 -927 738 913 986 -978 -42 993 66 173 -100 -571 791 421 873 -513 -959 -124 163 -230 -88 212 463 -24 -129 93 861 -163 782 -242 248 821 387 790 689 -535 507 -178 15 -208 -44 -574 -241 -107 -169 806 260 -853 999 341 -787 591 -501 -922 -923 285 78 239 386 -354 -564 671 -438 1 275 654 238 -600 -235 336 -359 730 46 -846 -176 285 918 848 889 -660 365 -756 84 110 938 -960 -149 -49 755 -975 363 -442 259 872 
-26 4 288 679 -715 -352 566 -681 -621 399 -196 625 896 -817 -527 371 231 -723 987 -383 616 -279 -122 -360 582 -472 650 -648 970 -800 -844 -11 -404 -602 519 -520 -645 816 -473 886 962 106 922 450 -256 131 256 550 -795 -94 633 848 678 499 762 405 646 -672 -227 -237 -436 473 -546 736 -307 -793 204 -126 -763 -315 -971 325 -470 -341 775 -600 877 -132 -615 911 236 534 721 -629 907 77 -665 -826 -818 304 315 412 573 -787 -479 -43 -738 -275 975 330 -443 558 715 146 -807 -80 201 -216 805 -489 725 911 891 -488 580 342 -925 -576 997 -210 788 602 -891 200 939 -903 -420 -712 -58 228 556 996 -637 -304 473 925 58 -141 536 -135 -618 -529 375 308 354 538 858 741 -131 -841 
-425 -79 -978 -433 -450 -915 -228 600 -662 725 547 -310 -624 -692 636 803 832 -526 159 -187 -203 -641 -493 -326 -235 -957 -709 641 308 247 -684 554 -435 359 499 233 927 937 -259 -413 816 -66 166 -492 -630 707 -674 -895 656 -135 58 889 -884 750 -420 82 -275 -754 258 -893 -896 -108 849 -170 66 72 -375 784 317 235 -243 -667 27 10 779 -405 748 -922 557 773 -262 60 -849 814 -641 -65 636 -658 -328 -962 -759 -831 -974 -789 -675 22 -963 748 447 -982 453 154 778 -292 697 614 -238 905 -487 97 563 806 20 674 -547 978 -460 914 -232 -34 -348 -945 -198 -74 -859 -1000 -281 -100 313 -138 -885 645 108 449 -567 858 394 145 969 875 -516 993 -104 311 502 -130 -979 786 377 -63 
240 751 318 579 62 -260 528 790 -951 56 -828 -317 328 -452 476 -553 -567 90 860 283 469 -828 205 -192 -238 -772 620 -962 -353 -812 139 -583 -474 833 434 13 563 -837 -844 -874 -247 237 976 387 -760 881 -515 570 -361 -455 472 -358 890 771 416 669 -125 593 -563 -371 -980 -479 -506 405 -729 345 972 76 -718 -398 -156 603 -896 516 -857 -478 918 -371 -32 528 309 450 836 -533 653 794 -260 -51 -4 572 -3 362 541 923 -650 -656 -725 117 119 569 727 -337 -266 -21 668 974 485 501 -178 500 594 460 -940 248 468 533 563 -224 618 -556 -534 -369 550 395 951 359 440 -820 764 339 627 -232 -393 -130 331 -816 -385 -433 -706 -742 351 889 -627 -748 -687 -999 -548 60 295 995 
-205 17 -506 -94 -769 -44 -434 -993 358 601 715 -323 227 -217 -561 -621 -47 -166 -54 462 -596 -962 -860 81 -447 944 989 -388 207 294 707 816 586 63 -826 -368 -89 -236 -783 790 900 -466 -319 335 -914 -905 529 -648 -520 -851 560 896 -925 31 937 -74 294 -412 -286 -873 -220 11 -416 -998 85 585 49 361 -57 449 -461 508 446 995 641 369 256 -255 -875 -96 -545 933 25 -652 474 240 509 87 -511 678 944 444 355 260 698 -992 -58 128 -264 446 267 591 -864 696 961 830 639 14 -506 -313 -689 -515 -338 -235 582 367 563 528 564 614 -86 -892 345 -82 -453 -633 238 628 -854 -213 739 662 -686 683 640 -969 238 -209 506 -385 827 -766 -8 -149 -747 -835 697 103 607 842 
-267 -969 949 627 -638 495 906 79 690 -510 -811 -528 -116 284 -675 72 854 -913 574 -987 -491 -933 888 -368 -43 568 -46 -217 -422 -445 443 139 988 -680 -533 569 -414 -96 -771 -155 -223 -471 -901 482 -241 333 260 370 965 -607 187 -356 -723 -910 -38 -399 905 -551 -579 -534 -898 -581 -759 186 473 -754 144 -951 396 691 -900 348 -680 -704 763 -943 -100 -898 -400 -678 -518 -41 -424 -68 -159 638 -861 -820 202 117 740 320 -765 -641 -818 443 535 171 -761 751 876 52 391 -293 13 359 -323 368 630 568 -53 -677 -125 -644 -85 144 827 58 -648 -599 -766 -504 791 -949 843 -456 198 -822 -345 871 2 596 -720 -442 -340 274 60 946 206 383 47 -214 305 -438 -289 -420 -211 383 -989 -284 
-876 -612 -752 -506 193 -832 972 -421 170 245 226 -485 29 510 -635 992 -283 -546 71 -900 38 -45 -930 -931 -413 -312 591 786 -175 -946 -368 -925 581 -170 -848 -286 -131 -686 -492 -867 -202 -341 500 497 237 -291 -750 -168 -430 947 378 195 -844 624 74 705 -770 904 199 -609 359 648 -343 568 599 -322 387 733 209 861 -134 524 858 515 -572 -427 -827 360 661 -846 -436 -148 -268 -734 -65 140 -607 414 78 -655 -395 715 -412 -37 -841 -925 903 257 341 923 -337 -161 -281 296 -596 -870 -206 573 -196 470 -140 539 515 230 -347 592 241 871 -79 -908 381 841 0 106 -689 24 -320 -353 550 -967 488 704 392 113 654 356 605 -408 -586 -249 -887 863 -202 281 188 -144 -652 707 434 636 
803 137 662 780 789 -118 100 -370 -234 781 682 -362 -999 715 -141 -115 390 -816 225 148 86 704 -483 781 -989 79 493 978 667 -490 -52 648 629 -514 648 -490 310 299 -685 -123 441 -500 -455 -758 912 -344 -785 -816 3 255 67 560 833 -160 406 -489 749 -658 168 550 827 559 -693 -249 476 -524 -564 -357 541 -275 -687 501 -91 283 -881 -128 -351 416 804 -405 624 215 -225 -973 608 -204 570 719 -559 -480 -669 -296 -86 -517 990 375 709 691 781 -417 635 -456 -529 52 -383 -927 -993 953 839 -385 940 -755 -986 609 -680 -808 50 447 -56 -276 311 -427 -657 -44 647 -333 -638 -962 439 -381 -213 -643 49 268 -478 -70 870 637 -83 388 121 -592 219 307 561 839 -895 -222 49 -602 
-749 472 278 -621 350 -119 895 99 409 622 158 460 -470 -395 -254 -771 652 311 105 -199 319 -140 9 -52 -513 -710 56 -185 684 -852 906 -903 342 957 956 295 -313 -92 -625 -564 -185 -31 -257 -261 -723 716 -807 646 564 798 -903 -998 1 866 416 -552 -754 -126 -112 277 -818 923 -462 -140 964 463 -717 -580 -181 -701 -101 -402 -653 -771 -75 -851 -444 -15 690 -406 783 -477 186 926 212 365 797 153 708 -814 961 729 -869 -494 204 27 -391 -654 449 125 856 -433 549 345 -682 -52 223 -238 -365 0 507 478 441 401 738 -530 625 539 -651 -575 750 -66 -567 554 55 492 382 -247 -710 780 -753 -897 -575 -79 -679 923 -191 987 591 -252 -139 -809 -203 819 499 -361 -523 527 -532 -285 
235 218 -308 316 -432 69 -99 -872 769 -862 -183 -91 -462 481 655 -102 412 894 -497 266 -21 466 828 195 -63 334 -667 853 547 -272 326 -559 -830 737 545 506 -56 -498 64 -943 396 -810 846 88 -40 -909 -448 614 387 618 -176 954 113 -378 922 539 -240 30 -292 -80 656 -464 -475 -354 -341 936 66 -457 -855 776 12 987 -207 -724 -340 -456 -584 -646 729 409 -268 306 -21 894 92 -948 -705 300 517 -213 -940 -179 299 88 86 -248 -687 25 485 -130 1000 96 -380 -4 -945 -707 -440 992 533 443 -804 744 895 737 -365 14 -387 673 804 -889 894 -52 -74 -425 -834 -551 -36 -376 -576 970 703 -457 -418 17 850 680 -780 -967 -581 -19 -499 -814 648 199 -636 -331 -478 387 292 164 
-265 715 -146 -130 -725 -199 22 284 -974 792 -11 -899 783 877 621 -169 481 -624 -464 -757 -284 -131 -33 116 760 -616 965 218 436 -186 -162 312 810 784 -626 -812 -94 -832 596 -377 980 878 -957 344 44 154 -707 918 -711 -72 -611 861 347 37 913 -989 -850 -621 -452 -665 767 -206 -523 23 -926 346 917 432 816 584 550 -18 215 -889 -814 -242 -250 342 -548 -266 676 399 -496 -400 678 690 -859 247 308 -514 -536 837 -179 717 414 796 506 326 856 -744 -354 40 167 437 -805 272 -768 287 479 891 -391 785 -846 777 -701 287 -387 927 -517 -534 -91 -731 -306 177 963 420 -826 384 608 956 -875 840 564 -182 792 248 -228 570 -658 316 613 -955 810 520 221 699 201 -687 -352 108 
133 -470 -859 -867 -102 74 -356 735 196 513 -543 53 523 245 26 691 -615 458 946 325 -199 83 574 -521 -481 -886 993 603 -815 -945 -329 337 615 -960 937 890 -527 795 555 226 -128 -329 462 3 231 762 958 -200 512 -305 -651 -235 -50 826 150 47 -335 -715 -138 -155 739 -114 -900 407 -564 -693 502 -400 288 975 210 -984 604 -52 721 -691 -268 94 -566 -789 842 231 64 -798 -199 119 625 56 -173 -417 406 577 -271 615 615 -460 -742 -92 417 -683 349 -453 78 296 752 878 -518 691 -409 378 -670 896 -102 261 -1000 838 395 -970 550 812 -973 945 998 -44 348 -166 -433 52 -800 666 -30 -415 -937 35 -516 -997 831 -769 89 -682 -515 236 277 -54 -586 768 -778 185 -159 -166 
535 699 -763 -632 548 489 995 -69 -408 151 -70 678 -221 -528 -198 -274 753 800 -431 -511 34 305 -828 -382 -317 707 369 313 301 -592 178 -646 -891 -456 -196 -15 190 303 598 785 447 -286 706 -270 -816 271 396 166 -111 946 -216 720 -202 52 -290 -387 -22 895 234 478 -418 -639 496 -576 -972 306 319 -798 -435 -970 508 -852 997 229 463 407 246 -378 161 701 -653 706 809 789 429 630 462 -983 311 259 -234 769 -600 -752 321 -959 869 -5 -639 51 -655 -888 1 94 -566 -227 -272 -481 792 -914 115 -196 -523 -616 -551 10 -629 90 172 783 -956 -125 -570 -559 -62 -766 301 -690 110 -838 75 -746 -593 446 285 -281 -999 -33 -678 876 -644 -109 -251 -679 -553 -905 -459 667 -639 134 
-719 451 823 218 74 -812 975 928 144 -5 -406 -345 -154 17 -415 -495 697 -971 805 -209 211 -248 113 545 594 794 -812 364 -692 639 304 -886 -99 308 -84 -50 -391 708 -133 70 -533 -930 -738 -83 -318 -233 -38 755 -416 690 90 406 858 -687 401 579 -255 561 435 30 553 -637 -470 747 369 604 503 -126 790 -583 67 -668 902 -473 293 275 -555 -453 -648 345 947 -601 -825 -874 659 -671 387 -625 566 577 -571 141 484 -762 -49 -947 89 942 -718 410 189 -201 -807 435 -4 622 -37 -916 243 230 -513 284 362 -125 625 408 -509 -339 264 158 859 -88 892 -590 769 -106 533 -656 -424 -47 -196 752 109 899 -613 -246 243 -560 -735 -116 -610 152 -529 460 940 -470 -881 -972 -758 -139 
108 128 139 309 -676 455 -267 -428 119 829 -489 67 302 166 -927 -93 -850 309 741 44 -609 834 -692 -251 -535 476 -753 -994 -672 653 -1000 53 -530 -335 18 -1000 601 516 38 626 -772 -186 665 -289 -581 -576 770 -687 -458 656 525 -944 -461 791 -198 -803 -422 -36 350 -560 627 -131 728 -176 557 -502 612 -50 892 243 -590 -89 93 -686 -278 -147 574 -569 -435 -650 -837 834 -711 -465 -829 948 231 -197 788 -720 852 60 675 38 -626 183 -567 -599 -460 -633 -634 833 324 664 -779 -269 -975 -228 -294 100 316 -910 -565 -152 -835 -605 -486 659 758 679 -380 287 521 941 -957 870 907 944 971 835 949 -139 -466 627 187 -912 491 -348 349 190 -988 923 751 -663 715 -343 -570 71 -403 860 
-265 -357 678 -166 -826 -384 413 211 589 -949 813 -665 583 633 373 -56 -652 695 33 174 976 572 -730 720 -683 -358 455 833 -480 -874 668 -739 -918 -560 -832 -126 -279 135 -496 550 -988 -636 690 -610 -228 656 448 -329 538 -535 29 -352 -745 211 -670 380 656 -92 -154 -264 -863 154 -126 419 993 394 -824 284 -996 -640 -86 25 979 551 -451 -443 971 -707 777 -375 -796 61 -647 969 -59 508 357 -330 -458 -253 795 -713 -922 -422 -871 -174 -811 839 862 976 -1000 -936 942 669 779 52 -251 346 936 716 831 266 -24 58 -527 973 687 -23 520 -463 809 251 -845 -444 -958 -84 452 -912 -489 92 139 -752 248 -736 519 -995 371 -250 50 -330 -812 328 -455 -432 -195 325 -870 -80 226 -85 
620 -87 89 -924 969 207 -515 98 -938 -899 826 -693 -579 132 202 299 -198 -640 240 -745 -642 923 -673 -706 248 456 -998 -566 829 -407 -845 -865 566 54 880 -992 -426 -401 927 53 -757 -71 -97 808 -849 -692 682 114 -110 275 61 -804 168 -962 -206 95 569 159 -119 -880 140 -378 622 25 936 280 -431 -251 -612 -161 824 340 840 821 -128 880 -956 -12 -479 -397 -969 948 -828 -274 157 -803 417 -32 704 543 -915 80 -726 263 58 761 513 -346 799 -607 582 -995 -978 -203 831 687 -433 638 488 -488 283 -336 -12 700 -386 158 928 -314 -939 368 294 755 -654 570 293 539 -91 252 150 -626 -528 -694 33 986 503 -654 315 -55 281 208 -609 -677 544 -828 -729 -873 -31 -591 391 -663 
145 -766 -417 661 -891 -118 737 66 600 -861 -284 514 852 -698 670 989 313 574 -414 -63 -450 868 -476 436 357 -491 -408 876 -435 996 327 178 -213 832 -308 -945 396 -973 -750 295 492 643 -430 -707 -557 -244 -400 924 -776 505 246 -846 940 -360 -553 281 -141 -665 -803 -186 419 -186 -921 -3 700 -148 -130 -339 -910 -184 -941 -389 -464 -620 -654 -733 -130 949 393 -422 -392 939 -760 641 81 -802 846 389 23 -310 152 -917 276 -319 253 982 355 707 358 151 -15 -832 -77 -206 160 250 879 172 581 -505 523 858 -317 309 886 -874 906 -260 -1000 -975 438 438 -678 -573 -917 414 -316 -269 -143 700 730 -111 -733 378 607 -927 -97 404 125 851 616 -427 676 -583 -829 -806 334 -581 -306 -555 
40 -74 525 192 -116 -307 615 -689 -582 325 -474 -692 170 390 448 625 -438 543 -165 612 -253 -549 938 569 832 -783 709 -29 -45 652 117 653 745 -720 -598 -387 -448 644 -561 -166 -739 -778 517 834 -636 239 346 -969 -328 150 64 -72 384 587 -961 979 300 -734 907 158 909 -717 -853 153 803 111 -787 -584 10 178 -272 897 82 -462 43 -805 58 1000 966 572 667 934 -490 -433 -569 176 -189 -153 171 775 -467 46 400 315 -350 940 889 610 445 -658 -781 582 -53 -915 88 897 461 -66 -47 40 788 -347 -77 725 473 -181 -273 825 962 -571 -645 933 146 684 389 949 -762 970 223 193 -602 918 -666 445 -737 -815 -272 913 383 812 570 42 505 953 328 797 -341 -155 -517 598 
-278 -504 -950 547 516 -635 -567 -47 828 -820 -14 -837 -212 249 810 689 792 -114 291 889 716 971 577 -503 377 249 -461 -783 -707 -963 438 987 606 668 -852 -551 -201 -938 226 626 432 166 -623 -109 623 803 -860 151 997 97 -659 -281 743 -90 -976 -756 -574 -326 -522 -89 217 183 982 -951 807 -646 642 -847 -519 -327 -650 238 506 -619 581 -950 -586 -133 -159 -566 556 8 -226 177 983 131 -575 -858 -355 84 832 745 671 -874 -63 429 996 -469 61 0 -276 -34 -380 -950 -843 937 -580 -289 -896 -211 -414 112 -105 298 -862 -215 638 -471 630 -634 689 572 -919 512 -404 -583 983 643 -204 -729 696 225 240 558 699 -399 -427 -710 -474 567 542 -589 803 242 701 -471 536 -555 299 795 
285 -642 -44 -221 678 -851 97 762 -674 833 -824 -635 350 -382 -666 752 75 690 -920 -559 871 140 -908 -676 273 -592 143 48 455 -91 309 -765 -855 874 -547 277 677 726 981 -498 -702 -402 -261 -354 -818 -37 281 -766 -665 386 274 -879 613 -318 -922 890 500 713 650 -646 891 -423 436 845 724 -454 204 459 820 270 -88 455 -995 -663 -729 -806 756 346 649 -987 -988 -548 420 -961 -194 -61 -409 532 -977 684 577 -460 47 513 581 -754 -316 801 -277 -954 -664 268 -764 -752 -77 -961 -41 693 694 318 626 924 -521 -400 -912 900 -362 -364 872 -289 -317 -859 -855 -431 386 664 107 -12 -986 432 30 -355 -319 -444 -77 -817 -553 480 -891 717 -934 -338 891 877 857 -714 -806 -545 -896 -693 
-207 748 120 -7 -189 377 -550 -765 -204 -495 755 -94 -397 695 526 581 416 -738 -578 359 -307 161 -700 283 97 -415 919 534 749 -339 -414 -740 -18 -194 -311 928 73 934 758 920 -556 55 -610 815 745 -728 -613 907 736 649 -10 621 -871 860 -328 869 -764 430 -578 -452 535 -371 543 818 -36 516 755 -683 -434 599 915 -20 -425 208 -469 218 -808 -858 223 -700 -790 361 683 806 -920 51 500 -384 218 -834 -915 454 -612 -565 484 388 952 810 998 434 244 633 210 114 -318 636 516 -57 432 -353 -679 -688 -933 -708 203 -963 -966 642 -173 403 711 364 656 -198 348 -564 81 19 -882 -947 -583 -139 -979 -596 -192 -833 -421 -522 -558 638 489 -187 201 -184 -635 948 -904 -149 364 101 
-75 308 -725 -989 -365 724 -561 516 586 639 611 -199 121 -440 491 -964 959 -358 -893 -977 -798 814 535 727 -350 739 -460 -786 49 293 653 -552 547 -970 78 -614 -289 971 -598 -83 -859 -409 -895 657 -313 -487 -385 828 47 13 -988 829 89 -236 148 756 254 -294 742 -541 -134 -400 -741 173 100 456 -707 -614 388 197 981 -933 68 159 -250 -813 803 946 294 287 -59 425 395 196 642 987 415 -24 783 876 -710 -788 865 668 -869 -716 -782 52 -810 127 40 -390 906 195 -931 111 -508 -60 8 -533 -258 -159 842 955 273 -56 -645 -569 -755 -267 -455 283 659 -292 37 159 49 223 973 -459 -244 -348 135 5 763 -695 -373 273 -823 466 251 39 -15 -358 459 -602 -250 728 102 226 
-676 346 402 814 -686 179 -53 855 -960 20 263 -587 -45 -513 -567 12 803 988 838 978 -751 -787 532 198 749 -856 -334 -665 -906 -748 961 442 -61 918 133 602 140 -740 236 -726 852 -850 -556 779 317 -822 284 -382 856 -409 24 -163 -306 293 -137 915 -106 -658 -568 -32 -781 273 555 683 238 525 -288 326 894 530 -809 441 154 274 -258 924 146 -21 227 -852 -70 -721 471 643 -984 303 532 573 -104 -969 -114 -293 -303 610 360 962 -828 950 536 -316 -471 847 324 370 -957 -413 -827 -494 307 236 66 425 511 -956 788 696 76 439 -45 -349 850 -205 -361 977 2 -320 -824 717 -660 -73 927 -493 -28 -504 176 303 -778 -886 99 -709 -405 115 -996 -781 -691 389 -233 895 -654 600 
-688 54 -766 71 844 -612 -919 34 -709 291 567 -978 -422 99 861 -294 902 750 162 42 -602 -883 -678 47 297 557 453 525 -909 577 -21 158 519 -197 -56 752 260 -504 412 -349 -754 447 285 38 -298 -453 734 -676 -255 166 -929 140 -940 659 -322 -804 -531 753 -348 -620 343 -765 -203 700 975 -65 -784 -674 -790 234 922 -396 576 -121 325 -35 -298 556 -426 21 681 338 851 -932 647 -481 -873 279 906 -694 387 -763 -447 -84 -468 -340 855 360 738 -460 -90 -640 -615 -467 -931 975 674 906 -718 -228 -235 57 -811 -813 531 -207 598 377 30 -523 -119 839 676 323 967 -551 -563 -719 258 -502 606 0 -846 -966 -283 -570 -445 -795 352 -264 -287 -657 610 687 225 640 -418 -750 225 677 
47 817 -457 -282 309 859 -107 -947 -493 289 10 554 -116 556 736 435 116 -562 -233 -420 909 421 -957 643 886 -858 463 439 805 356 -528 457 -188 -444 451 -681 223 -821 -579 995 761 -710 -724 -533 -175 902 -462 656 18 -76 986 230 61 506 -535 776 -348 -424 189 -877 79 377 788 879 -100 758 958 -228 693 308 -60 -130 778 -777 279 -662 -515 556 -367 -909 -320 -928 141 -468 203 -670 252 -742 220 284 -192 940 289 -131 418 190 -464 663 667 62 -337 -676 439 -684 -959 -123 -820 -843 -267 302 -162 -303 766 -90 747 7 -108 633 929 -773 310 510 -951 -25 618 -286 -454 552 753 345 739 -16 525 327 216 339 -590 446 -199 -864 354 -287 -896 264 -53 580 -928 469 -392 -666 
-760 28 43 -664 93 -766 -752 789 -322 -548 -673 259 -494 -904 863 872 -42 551 536 286 -487 431 -606 163 -169 57 376 -40 455 491 321 803 10 -712 747 68 446 -290 -801 -507 796 -15 437 -995 -232 776 -398 287 -216 -851 -716 58 -283 377 219 -553 -740 -795 859 57 -111 -978 -165 242 -414 -650 -913 -701 607 312 419 315 -432 328 869 426 920 445 266 -774 -737 -193 338 -607 922 901 -665 352 79 150 219 220 280 -174 -727 -201 -815 -645 -221 989 62 62 585 -252 47 -953 806 111 885 -978 -674 -895 81 -990 -893 -438 -131 515 -5 -616 357 -486 -853 -811 468 144 111 805 252 -669 363 183 283 -427 -836 -210 192 -567 -257 -996 -935 413 214 -479 -422 -762 -121 -645 -138 798 
-769 239 311 -718 285 -185 462 -924 -840 764 -141 761 809 -594 665 43 -186 203 -143 318 -778 -126 -298 259 -248 851 -426 -972 -928 -69 311 -106 236 693 800 -927 -296 -770 -191 646 460 -359 -536 560 -873 -367 658 -839 -710 -690 618 615 -688 885 93 -914 -345 -15 634 519 -170 -318 -212 -817 -714 67 635 951 -919 21 -16 -633 -806 -413 114 311 255 -926 220 410 -830 723 990 337 660 600 890 580 465 978 -260 -544 -89 -431 -132 894 545 583 -835 936 -596 592 552 -631 315 -673 164 -885 -386 385 67 -334 981 462 344 -887 -347 -466 -535 -175 -893 319 -82 616 -324 931 538 -387 -267 -172 -121 994 649 -631 651 -418 -291 859 459 140 -713 -945 -42 -839 735 103 -335 350 -538 -935 
-363 -960 880 612 -434 510 918 -184 372 -752 -704 482 -222 -131 -443 -766 -605 -416 -807 -796 -326 546 645 -509 -695 -433 418 -505 -498 -784 -681 190 967 118 386 -871 -426 727 -816 388 -496 372 -983 714 14 687 509 10 25 -40 444 -860 -603 -518 568 -587 -611 -766 731 907 938 558 616 583 638 -785 556 -850 -165 -37 883 -597 -736 981 -304 -42 638 -64 -947 -303 658 154 896 230 943 -402 357 402 755 106 -220 -257 707 496 502 -338 -659 3 873 -657 -7 -877 537 -408 -338 972 -678 60 300 -158 370 -346 3 268 286 91 252 -230 247 882 129 862 577 -885 265 -47 916 -329 -317 -252 -51 -226 848 382 876 590 410 -554 265 -780 -795 140 -12 -599 -604 301 -552 120 726 -23 
823 360 -690 -836 -973 -849 730 -513 -867 -159 294 307 628 905 717 103 -519 -111 72 88 -886 -803 151 233 -535 -606 226 -99 -718 -168 -54 -904 436 682 240 687 -948 -249 -231 -255 -537 316 -555 -953 -387 -785 139 25 609 -320 -785 747 -837 -370 587 -386 -290 -230 -188 -409 -86 -960 -870 -788 -224 741 677 28 -769 -446 -241 -88 347 694 781 263 807 425 602 296 -501 286 839 634 523 -361 228 -324 -599 509 625 399 -324 -601 -813 -53 -280 -264 -181 -719 -121 -541 326 -221 -815 -177 -16 -813 248 963 762 467 106 685 -17 -969 546 131 -343 151 522 -506 908 635 -614 265 947 194 781 -312 476 -631 -170 -112 820 -764 672 -674 -71 196 -414 665 929 -518 -701 -947 -523 -621 -335 83 
-692 0 998 -178 -62 -128 856 882 449 -481 463 731 -63 -48 656 921 -712 -857 -956 -173 296 -25 521 710 743 889 -687 -97 358 -633 770 -988 533 -259 343 629 993 -887 -822 -509 -828 -281 -72 924 611 -230 -645 384 646 98 -533 -912 15 944 -888 16 -1000 -384 -170 -364 -170 714 -386 564 816 -322 692 301 961 507 672 -948 788 -499 317 -433 -113 675 402 -578 770 -412 72 -834 472 -37 712 -847 -282 -323 -884 -307 -127 65 393 625 -637 -593 -760 782 -707 -357 -219 -951 -732 -119 33 -944 -581 -613 76 111 -396 632 -789 -449 -466 786 -368 -579 -157 667 687 634 -456 -787 -173 48 424 -101 592 75 -279 828 543 -71 609 -750 733 108 -372 156 986 -367 -839 -318 213 -702 -952 140 
-471 -506 45 -425 -22 166 276 686 -475 -238 416 -746 473 155 -412 -293 -275 108 -378 362 449 424 691 741 -788 -819 954 175 -450 -662 -831 584 933 -254 -108 -483 1000 987 587 -814 -816 -967 -457 -923 175 230 376 503 -942 843 944 247 -144 533 489 1 -527 -418 4 887 -75 -286 -200 415 727 -732 -887 694 455 896 664 42 55 765 243 212 -288 24 210 107 -385 315 397 370 527 -698 -912 337 55 589 125 133 731 786 -501 795 473 615 679 595 131 365 530 -820 117 -647 663 -699 -380 950 -859 -751 -48 -981 -429 -38 -410 -200 772 -742 -92 298 -934 14 435 776 -302 -82 -405 136 17 -449 -104 -305 -68 -430 -2 363 -748 842 312 973 26 -105 -847 -685 603 -687 775 -310 
-498 -931 176 152 545 -306 -421 -305 940 248 -264 309 -662 -571 -859 139 -642 656 134 -64 527 -70 -954 694 -816 -241 830 -393 42 854 -673 -208 -900 -904 917 524 -157 -758 277 448 -326 -947 727 290 212 -409 -776 -923 691 -498 -312 595 -134 -53 267 -764 -957 -317 -476 675 522 411 644 -100 -793 -773 -90 526 790 643 790 -38 -603 -329 388 139 -887 708 -37 -90 -724 -93 480 -461 -291 -888 104 141 318 423 -757 170 176 743 -788 430 -110 460 -242 598 -489 -947 -359 -678 -508 -408 -184 -466 -645 425 -82 767 -604 995 -305 906 520 0 -616 -471 53 -980 -236 746 -93 -182 -19 88 329 704 -677 346 -249 -200 -42 -167 390 -910 -915 -629 -557 992 -697 518 801 386 -5 -720 -599 -158 
650 342 965 -101 -689 168 -857 -894 -145 516 188 342 -350 194 -151 -348 -617 935 -990 -869 968 743 226 -123 -653 242 -656 -595 84 -836 106 363 22 -422 304 -427 225 -92 -607 330 -962 -685 352 -717 -987 889 391 753 527 -730 -669 -346 -834 950 -894 -990 697 -201 -148 304 716 949 -323 395 419 -541 -135 -827 349 316 227 -340 92 -652 -938 -360 13 -486 -280 578 -185 492 -276 -994 -686 -305 -12 782 432 -808 -783 594 -881 -500 627 714 304 -685 -758 233 746 970 -490 -513 375 959 441 562 304 -751 943 -32 -955 -288 -754 -665 54 485 -757 911 792 -461 -231 780 -223 153 -37 -420 -941 -132 79 911 -173 156 -922 -247 -309 474 706 -474 -425 34 -831 -184 -449 885 -507 -290 811 390 
930 558 636 48 337 24 624 911 -234 881 366 -184 233 -842 -432 711 933 400 -28 -274 -506 -122 392 -349 427 345 970 655 7 219 -533 778 -212 142 464 987 -198 873 517 501 974 -157 -589 -897 486 430 -789 -291 293 -860 -831 -664 803 -372 -928 -893 886 899 105 572 832 761 994 482 31 -156 -634 -736 796 677 -670 682 121 549 -359 378 -743 485 -952 665 599 -945 -271 271 -436 -351 -780 90 178 615 927 -400 561 239 -906 -393 -608 -317 233 591 867 -377 -14 199 763 -538 390 230 -732 -625 -119 617 633 -841 493 658 487 -31 337 -310 -970 829 945 240 -93 -889 -786 276 -611 -775 -345 725 -27 -933 52 -287 -712 -673 216 806 -529 893 -398 -618 663 -683 60 449 166 267 
777 362 597 -705 -913 -314 409 -23 -769 892 -207 805 -552 -476 -44 -185 518 -740 443 -749 -523 -678 367 941 -100 512 -97 -457 336 875 -809 -430 -220 458 -482 845 232 -553 950 286 335 -499 -7 56 -607 -668 68 -611 744 -33 797 -878 147 982 357 -301 992 -806 600 -203 784 -480 828 -79 450 602 -645 -267 671 915 -304 285 584 -501 -133 -101 222 -178 -492 -452 -149 -798 -936 -317 526 222 285 40 -140 -289 -406 -348 521 -49 886 890 744 26 704 566 734 91 -98 -889 181 -516 76 524 792 423 -510 953 -197 -233 -662 188 -375 917 -852 -565 208 -925 -250 859 871 25 -379 224 -609 -997 -238 48 804 95 -447 -263 -802 -19 255 154 -988 9 529 -810 -81 882 -984 -579 -281 -443 
594 -762 868 -623 960 -264 382 781 -8 -77 -484 -407 -17 -745 -771 83 -127 131 -494 -846 446 289 184 576 -478 -89 -808 -901 453 411 584 -351 -428 918 320 -851 -689 -785 603 420 171 478 -895 -59 64 -550 788 -692 -856 -584 -19 392 187 -629 -194 -757 -754 -700 543 411 -104 -681 -473 -296 -775 -594 741 -449 -913 -160 -837 -385 -310 582 508 -161 56 -327 -7 351 785 776 448 -349 -169 -528 104 530 924 130 -217 287 -42 292 936 -997 -8 -567 90 -972 947 -503 760 -967 843 193 720 741 -24 903 346 198 880 -462 355 809 -743 -320 -234 -652 977 367 -930 404 14 297 897 -549 71 2 -606 721 -28 430 -402 460 654 -689 -852 766 852 -705 -877 746 424 404 927 767 824 -184 
-980 -98 -955 -347 16 -410 -67 -608 -904 168 -771 642 563 -522 -40 588 159 -851 -82 761 343 -286 445 -630 -792 -948 -259 -851 -702 466 -891 -124 741 -255 526 -814 -625 -46 -828 115 -140 828 -275 529 -495 -293 184 -429 -992 -419 846 841 -23 716 -220 746 -690 -770 722 120 166 -360 103 453 -14 434 -696 835 622 -5 -915 752 577 -988 765 11 769 747 389 -401 -117 -899 -540 -686 875 -916 -945 -681 -912 381 -919 -785 946 -57 690 308 -211 -325 -989 254 -495 -390 -228 875 905 826 540 -486 328 -358 713 188 -987 623 -44 778 155 591 538 619 -187 -99 -787 -797 807 -365 324 -328 176 665 -572 771 219 -852 33 538 915 -395 465 -75 231 65 -873 -865 -500 650 103 847 763 78 
