1000
109 3748 3827 -1595 2565 541 -2792 3939 4758 1806 2809 4865 -620 3397 -4296 2961 1200 -1392 4144 -1506 2161 -4651 1570 4577 -861 -1453 679 1594 -214 -2658 4307 3811 3405 -366 1690 -3659 -3775 4466 2786 1307 -2459 -3106 -3533 -3676 -4643 2330 1935 418 2115 2674 -4850 -3859 -962 1130 -199 1488 -3944 -3872 -512 -2263 -385 -3981 -1462 1333 3311 -1482 1968 3141 3685 -3578 -3518 -1970 1292 -1569 4477 2037 2805 -1172 5000 3656 -3342 3893 -3036 -4816 2820 -3636 667 -992 3968 -1345 -1347 -4836 -2131 -3283 4018 -581 -2745 1823 -2287 -852 4529 2059 -1534 -4206 -1992 4478 4217 -5 -943 -4717 -1362 3087 -4459 1968 2892 1214 4569 -1770 2579 -1369 1589 157 -2009 314 -1311 -4055 -2 218 1732 -4574 2842 -667 -3629 -1174 -4169 4597 -4461 1426 365 -3551 -2780 2868 3596 -1581 2275 -4718 2295 -4315 13 103 4538 4674 -1623 829 1633 1757 575 -846 -3689 -227 -2003 2957 -3186 2882 752 -1566 1257 4945 -2137 4174 -410 1822 -456 -647 3940 2259 -3322 -685 1324 -4923 242 2312 -1398 -44 2334 -1794 4178 -1601 -1467 -2319 4193 4888 3251 -286 -4649 -403 1825 4464 1548 3629 1690 -244 1986 1789 -2078 -646 -2116 -1229 0 887 -3562 1690 -1356 4469 -4428 -1834 -1060 -1275 -1156 3176 1254 538 1595 -2057 -4759 3233 958 -3120 -4962 1102 -1428 1596 -2499 -199 1468 -3206 2226 3639 2546 -72 -4920 26 -4872 -358 -2207 -650 2112 -100 -866 -4487 -2726 -3227 -863 -137 -4432 3141 -1657 -3173 -2849 3698 3187 1007 -4287 2466 -3427 1473 2353 472 -3612 -3659 3663 1839 -2994 4395 1560 -1719 -929 -4317 906 -4794 -669 -2755 4901 -892 -313 854 -3847 -4014 4004 4949 -3189 2250 -2457 -1658 933 4215 4329 3407 634 4046 -2078 4326 -2850 294 -1625 -2816 -1888 -3616 -2109 867 -3564 -3906 3476 4215 2561 -191 -2663 -4223 1212 3938 -1859 3732 3634 1410 -3818 -2992 -959 -2838 -3631 -3551 3869 2470 -3663 2589 -2790 4984 1057 4551 257 -3293 -4879 -1775 1921 -1667 -3982 2541 -1939 -3113 1421 2868 4984 3259 -1980 -1799 -3206 -4744 -168 -1962 3138 -3971 -3414 -2414 -4137 2768 -4252 -3140 2291 -4867 1393 -4741 4939 -3648 701 -1640 -821 825 706 4142 -1158 -1120 -118 2219 376 -578 -3033 -3791 -1136 4039 -673 -4629 3999 -1915 -4867 3711 2225 5 4026 -3112 2668 4466 4995 -4614 -4598 987 3308 -3485 2374 -70 -4402 3036 757 2577 -4828 2508 -3131 1120 -3571 -2053 -4603 2728 -4403 291 -260 385 4861 -4620 236 -4815 2949 -3756 -3544 1723 4904 2101 2358 -2784 1006 1892 -2530 2421 -3549 598 -4068 4196 1694 4107 1406 -3092 -2964 1171 -884 -1908 3683 -28 2811 -1839 -3957 -1045 253 4320 2728 1300 3654 3240 -1053 671 -359 -3844 -1147 4147 -2145 -53 -2660 -1130 -4595 789 -583 2250 3967 -1607 -1555 2214 -3051 2578 -3644 -659 4635 -3656 3842 -1286 -3578 -1351 2687 -1780 1953 3228 1424 -4240 -2846 -2561 3483 -2481 3308 3192 -4758 -1356 2895 -3762 -1386 3915 343 1055 -1039 2059 -891 44 -4181 1459 2675 -2715 3456 4571 3615 1336 -4953 2575 -3188 -3386 20 2445 -990 1236 4338 -2025 -1558 -1396 -4997 1417 -1520 -4197 -1575 2546 -1357 2548 2686 339 2442 -4685 -2250 -827 3803 1431 4006 -3859 3914 1990 4503 460 2476 -3674 819 -490 -767 2844 -1205 1660 4453 4618 3655 991 3962 3767 1929 1640 -4920 -4737 3249 1763 -4339 -3510 2370 -4698 -2071 1194 1784 709 -456 -4294 -1422 1717 -2622 710 1672 -1019 4869 -1592 943 1587 -1097 -4506 3858 1234 1956 1719 -4804 1172 -4126 1033 4057 4394 -3095 -2816 3076 -3472 413 3983 -815 -2265 147 -1292 -425 -4178 -3717 -554 -3724 -3266 1116 -41 1724 -1257 4569 -2307 3145 -3244 -2837 2586 2896 -2177 852 3010 -1818 -1036 1471 417 2491 -657 3717 2815 1799 4942 -58 -3881 3071 -2715 3976 -2753 35 665 46 2420 1155 2444 4332 -183 4505 4170 -3897 3691 3339 -1911 956 4792 2478 4576 -4232 -4186 -3086 -4699 1754 -2016 681 -3832 3721 -421 -4915 -482 -1525 596 -1543 2504 219 1009 -4952 3488 -1512 718 -1058 -199 1651 2507 1296 4406 -4285 4396 1099 4288 -3722 4345 -605 3328 2944 -1766 -4179 -2198 3213 4624 -2470 -1452 2284 -2904 -498 448 1459 -3759 -7 -3250 -1156 3235 1473 1936 -269 1773 -2261 -4901 4348 2720 4933 1728 -3369 2314 3343 -1809 -1311 -4160 -3619 1240 -4669 4362 -918 2885 -3899 1547 -701 -1470 270 1901 -4266 -119 3728 4999 -4503 -1478 2339 2376 -748 1153 -2899 1821 1999 -43 4025 2798 -1996 -3244 -4620 1587 -838 -3200 1437 1652 1277 4443 3596 2158 940 -1690 -772 -2416 1645 -1673 61 -70 3569 760 226 3926 -1241 -699 -3847 -680 -2845 443 3608 3098 -4617 4587 -1504 -4642 -95 1135 243 2214 1950 -495 -1830 1007 -473 3948 417 -4876 1787 1886 3801 1868 3170 -3448 3843 4753 2078 -2440 2138 -2015 839 2844 537 4697 -3265 4066 2610 3251 -2538 1422 -106 458 -4140 483 -4706 666 -311 -171 -4922 -3971 -4582 3967 -3121 -4536 3162 265 -2540 2916 -3099 -589 -3286 -1732 1199 -2836 1412 187 3768 4553 -924 -1607 -335 712 -1864 17 554 -52 -2358 533 4736 -1692 -119 1633 1306 -2747 -4433 760 -2391 -169 -4366 -3757 4847 1738 -3798 1526 -2744 -3127 -160 738 -4682 -376 2215 -868 -4610 2122 3754 -3775 1988 -756 -2132 820 -4807 2727 1517 257 -3504 -4606 -1882 4480 -3740 631 2368 -2459 1660 -3365 -4690 257 -2487 -3707 376 -4314 1119 870 1591 -4946 4672 -1095 -1308 3126 -4407 601 -1319 689 -4323 -4983 -2987 -4950 -2852 -1478 2435 1241 1439 2866 -3394 4177 3494 -4489 -2324 2931 -244 2343 -1346 577 4989 -4610 4898 -3354 812 2686 -1303 4454 -2871 2360 4384 2134 2884 -3788 -3853 66 3122 3596 3903 -346 562 -3105 -648 -3111 1938 684 4100 -4648 -632 -4083 -2378 -330 2320 1610 4674 -3966 8
4000003 4090606
20304005 40532000
340233 300606
342360 843204
17 45435
675756 22245675
3233 64506
999 98765
